7.257212e+002
4.984040e+002
5.339144e-001
5.216608e-001
4.711775e-001
4.702416e-001
4.692353e-001
4.739994e-001
4.542737e-001
2.059598e-001
1.982256e-001
1.956955e-001
1.961296e-001
1.970958e-001
2.015752e-001
1.974225e-001
1.935960e-001
1.935960e-001
1.935960e-001
1.935960e-001
7.622998e-001
1.921249e-001
1.895648e-001
1.873120e-001
1.855682e-001
1.855682e-001
2.039126e-001
1.925420e-001
1.866291e-001
1.847003e-001
9.980768e-002
7.376448e+002
4.857523e+002
8.326087e-001
8.258836e-001
8.042225e-001
7.893573e-001
7.893573e-001
8.041188e-001
7.198009e-001
5.809643e-001
5.681240e-001
