150
5.436893e-001
5.339806e-001
3.592233e-001
2.135922e-001
1.747573e-001
2.330097e-001
4.077670e-001
5.825243e-001
5.436893e-001
3.495146e-001
2.135922e-001
1.747573e-001
2.524272e-001
4.271845e-001
6.019417e-001
5.436893e-001
3.398058e-001
1.844660e-001
1.650485e-001
2.524272e-001
4.563107e-001
6.213592e-001
5.339806e-001
3.106796e-001
1.650485e-001
1.650485e-001
2.621359e-001
4.757282e-001
6.504854e-001
5.242718e-001
3.009709e-001
1.650485e-001
1.553398e-001
2.718447e-001
4.951456e-001
6.796117e-001
5.242718e-001
2.912621e-001
1.456311e-001
1.553398e-001
2.718447e-001
5.339806e-001
6.893204e-001
5.048544e-001
2.524272e-001
1.262136e-001
1.359223e-001
2.718447e-001
5.436893e-001
7.087379e-001
5.048544e-001
2.524272e-001
1.165049e-001
1.262136e-001
2.912621e-001
5.728155e-001
7.184466e-001
4.854369e-001
2.233010e-001
9.708738e-002
1.262136e-001
2.815534e-001
5.922330e-001
7.378641e-001
4.854369e-001
2.038835e-001
9.708738e-002
1.067961e-001
2.912621e-001
6.116505e-001
7.669903e-001
4.660194e-001
1.844660e-001
8.737864e-002
1.067961e-001
2.815534e-001
6.213592e-001
7.669903e-001
4.757282e-001
1.844660e-001
7.766990e-002
8.737864e-002
2.815534e-001
6.504854e-001
7.864078e-001
4.660194e-001
1.650485e-001
6.796117e-002
8.737864e-002
2.912621e-001
6.504854e-001
8.155340e-001
4.660194e-001
1.650485e-001
5.825243e-002
7.766990e-002
2.621359e-001
6.699029e-001
8.446602e-001
4.854369e-001
1.650485e-001
4.854369e-002
6.796117e-002
2.621359e-001
6.699029e-001
8.640777e-001
4.951456e-001
1.553398e-001
4.854369e-002
5.825243e-002
2.427184e-001
6.601942e-001
9.126214e-001
5.242718e-001
1.650485e-001
3.883495e-002
4.854369e-002
2.135922e-001
6.407767e-001
9.320388e-001
5.631068e-001
1.747573e-001
4.854369e-002
3.883495e-002
2.038835e-001
6.213592e-001
9.708738e-001
6.019417e-001
1.844660e-001
2.912621e-002
2.912621e-002
1.650485e-001
5.728155e-001
9.902913e-001
6.504854e-001
2.038835e-001
2.912621e-002
1.941748e-002
1.359223e-001
5.242718e-001
1.000000e+000
7.281553e-001
2.233010e-001
2.912621e-002
0.000000e+000
1.067961e-001
4.660194e-001
9.902913e-001
7.961165e-001
2.718447e-001
