  150
  80
  79
  61
  46
  42
  48
  66
  84
  80
  60
  46
  42
  50
  68
  86
  80
  59
  43
  41
  50
  71
  88
  79
  56
  41
  41
  51
  73
  91
  78
  55
  41
  40
  52
  75
  94
  78
  54
  39
  40
  52
  79
  95
  76
  50
  37
  38
  52
  80
  97
  76
  50
  36
  37
  54
  83
  98
  74
  47
  34
  37
  53
  85
 100
  74
  45
  34
  35
  54
  87
 103
  72
  43
  33
  35
  53
  88
 103
  73
  43
  32
  33
  53
  91
 105
  72
  41
  31
  33
  54
  91
 108
  72
  41
  30
  32
  51
  93
 111
  74
  41
  29
  31
  51
  93
 113
  75
  40
  29
  30
  49
  92
 118
  78
  41
  28
  29
  46
  90
 120
  82
  42
  29
  28
  45
  88
 124
  86
  43
  27
  27
  41
  83
 126
  91
  45
  27
  26
  38
  78
 127
  99
  47
  27
  24
  35
  72
 126
 106
  52