7.196890e-002 
4.402279e-003 
6.543051e-001 
5.144029e-001 
3.300797e-001 
7.684083e-002 
2.512988e-002 
2.228750e-001 
5.281992e-002 
2.455208e-001 
2.846287e-002 
4.098279e-003 
3.482563e-001 
1.055686e-003 
8.224668e-004 
1.158292e-004 
1.044049e-002 
1.292329e-003 
1.631677e-003 
1.942874e-001 
2.507240e-002 
7.399395e-003 
1.567318e-007 
1.022889e-003 
1.619570e-001 
6.035963e-001 
3.592811e-002 
5.080769e-002 
1.935959e-002 
1.777375e-005 
4.216247e-002 
2.479684e-003 
6.699291e-002 
4.505925e-001 
1.874771e-001 
7.079613e-002 
1.649269e-001 
4.154285e-001 
5.793572e-002 
1.025291e-001 
1.962159e-002 
4.845882e-001 
2.438736e-001 
5.075563e-001 
9.550685e-003 
2.777014e-002 
4.865402e-001 
2.336487e-001 
9.538857e-002 
3.266746e-004 
3.808436e-002 
3.929184e-001 
4.724361e-001 
2.973186e-001 
2.859644e-001 
2.963577e-001 
3.933076e-001 
5.726234e-001 
1.929470e-001 
2.874091e-001 
3.338249e-002 
1.029775e-001 
2.237438e-001 
1.210357e-001 
6.944018e-002 
3.942051e-004 
9.694411e-004 
2.025489e-002 
4.402507e-002 
1.981615e-002 
2.169748e-004 
4.584640e-002 
4.375804e-002 
1.260099e-002 
4.770413e-001 
1.378425e-001 
1.216727e-002 
5.496565e-005 
5.488497e-002 
3.127505e-003 
8.282921e-002 
2.205146e-001 
1.487670e-001 
2.419076e-002 
2.378734e-001 
3.467629e-001 
6.468244e-001 
9.787911e-001 
1.451895e-001 
3.248419e-001 
2.810653e-001 
4.427191e-001 
1.323834e-001 
5.445744e-001 
3.508415e-001 
