3000
1.668182e+001
1.719883e+001
1.719883e+001
1.719883e+001
1.735294e+001
1.735294e+001
1.735294e+001
1.750000e+001
1.750000e+001
1.746154e+001
1.746154e+001
1.746154e+001
1.617486e+001
1.617486e+001
1.617486e+001
1.628333e+001
1.628333e+001
1.541885e+001
1.541885e+001
1.541885e+001
1.814724e+001
1.814724e+001
1.691954e+001
1.691954e+001
1.680682e+001
1.680682e+001
1.680682e+001
1.840625e+001
1.840625e+001
1.840625e+001
1.593548e+001
1.593548e+001
1.631111e+001
1.631111e+001
1.631111e+001
1.698276e+001
1.619126e+001
1.619126e+001
1.619126e+001
1.706358e+001
1.706358e+001
1.873077e+001
1.873077e+001
1.807362e+001
1.807362e+001
1.539791e+001
1.539791e+001
1.783133e+001
1.819018e+001
1.819018e+001
1.819018e+001
1.665537e+001
1.665537e+001
1.519171e+001
1.519171e+001
1.519171e+001
1.590323e+001
1.590323e+001
1.590323e+001
1.547090e+001
1.547090e+001
1.722674e+001
1.722674e+001
1.481818e+001
1.577128e+001
1.716860e+001
1.716860e+001
1.784146e+001
1.784146e+001
1.710526e+001
1.710526e+001
1.729240e+001
1.663842e+001
1.663842e+001
1.775449e+001
1.775449e+001
1.633149e+001
1.688571e+001
1.403810e+001
1.403810e+001
1.792727e+001
1.708140e+001
1.708140e+001
1.594624e+001
1.830435e+001
1.501523e+001
1.501523e+001
1.675706e+001
1.683523e+001
1.690857e+001
1.749112e+001
1.749112e+001
1.680000e+001
1.680000e+001
1.638889e+001
1.638889e+001
1.610870e+001
1.793939e+001
1.793939e+001
1.858491e+001
1.858491e+001
1.810429e+001
1.810429e+001
1.661932e+001
1.661932e+001
1.615847e+001
1.615847e+001
1.615847e+001
1.697688e+001
1.697688e+001
1.769461e+001
1.769461e+001
1.552381e+001
1.552381e+001
1.552381e+001
1.633702e+001
1.730588e+001
1.730588e+001
1.614835e+001
1.614835e+001
1.771687e+001
1.771687e+001
1.771687e+001
1.718023e+001
1.718023e+001
1.715789e+001
1.715789e+001
1.715789e+001
1.618132e+001
1.618132e+001
1.672159e+001
1.672159e+001
1.672159e+001
1.632402e+001
1.632402e+001
1.804878e+001
1.804878e+001
1.697110e+001
1.697110e+001
1.697110e+001
1.751190e+001
1.751190e+001
1.789024e+001
1.789024e+001
1.789024e+001
1.562234e+001
1.562234e+001
1.588172e+001
1.588172e+001
1.588172e+001
1.743529e+001
1.743529e+001
1.832919e+001
1.832919e+001
1.711628e+001
1.711628e+001
1.711628e+001
1.643889e+001
1.643889e+001
1.713372e+001
1.713372e+001
1.713372e+001
1.629282e+001
1.629282e+001
1.639665e+001
1.639665e+001
1.639665e+001
1.502041e+001
1.502041e+001
1.655866e+001
1.655866e+001
1.746746e+001
1.746746e+001
1.592935e+001
1.592935e+001
1.592935e+001
1.673295e+001
1.673295e+001
1.703448e+001
1.703448e+001
1.671751e+001
1.671751e+001
1.605464e+001
1.741420e+001
1.741420e+001
1.699422e+001
1.492424e+001
1.755689e+001
1.755689e+001
1.690805e+001
1.690805e+001
1.685632e+001
1.685632e+001
1.685632e+001
1.686782e+001
1.784337e+001
1.784337e+001
1.784337e+001
1.564894e+001
1.776048e+001
1.693143e+001
1.693143e+001
1.670621e+001
1.831677e+001
1.766467e+001
1.672881e+001
1.649162e+001
1.704624e+001
1.704624e+001
1.710405e+001
1.710405e+001
1.723256e+001
1.774850e+001
1.765868e+001
1.648315e+001
1.648315e+001
1.754167e+001
1.754167e+001
1.754167e+001
1.661236e+001
1.661236e+001
1.882803e+001
1.659322e+001
1.659322e+001
1.501531e+001
1.501531e+001
1.578610e+001
1.578610e+001
1.587568e+001
1.587568e+001
1.644444e+001
1.644444e+001
1.680571e+001
1.680571e+001
1.750595e+001
1.750595e+001
1.602717e+001
1.602717e+001
1.882803e+001
1.882803e+001
1.402844e+001
1.402844e+001
1.402844e+001
1.629121e+001
1.689143e+001
1.689143e+001
1.749704e+001
1.749704e+001
1.727647e+001
1.727647e+001
1.535602e+001
1.535602e+001
1.702874e+001
1.702874e+001
1.748521e+001
1.748521e+001
1.748521e+001
1.713372e+001
1.713372e+001
1.680571e+001
1.680571e+001
1.680571e+001
1.753254e+001
1.753254e+001
1.770303e+001
1.770303e+001
1.744970e+001
1.744970e+001
1.702890e+001
1.702890e+001
1.702890e+001
1.538021e+001
1.538021e+001
1.652514e+001
1.652514e+001
1.709249e+001
1.709249e+001
1.709249e+001
1.691379e+001
1.736686e+001
1.792727e+001
1.792727e+001
1.767273e+001
1.722674e+001
1.625275e+001
1.595676e+001
1.560847e+001
1.560847e+001
1.628729e+001
1.628729e+001
1.594086e+001
1.594086e+001
1.650000e+001
1.650000e+001
1.700000e+001
1.700000e+001
1.786145e+001
1.786145e+001
1.678409e+001
1.678409e+001
1.580214e+001
1.618132e+001
1.618132e+001
1.624176e+001
1.624176e+001
1.714535e+001
1.443415e+001
1.443415e+001
1.709357e+001
1.528497e+001
1.682955e+001
1.682955e+001
1.790854e+001
1.790854e+001
1.673446e+001
1.673446e+001
1.798171e+001
1.798171e+001
1.698276e+001
1.698276e+001
1.552632e+001
1.734320e+001
1.589730e+001
1.589730e+001
1.589247e+001
1.589247e+001
1.623626e+001
1.759281e+001
1.759281e+001
1.665537e+001
1.665537e+001
1.665537e+001
1.798160e+001
1.798160e+001
1.730588e+001
1.730588e+001
1.766467e+001
1.766467e+001
1.652809e+001
1.652809e+001
1.554211e+001
1.554211e+001
1.554211e+001
1.567196e+001
1.567196e+001
1.697701e+001
1.697701e+001
1.697701e+001
1.734118e+001
1.734118e+001
1.707514e+001
1.707514e+001
1.707514e+001
1.761078e+001
1.761078e+001
1.761078e+001
1.651955e+001
1.651955e+001
1.637569e+001
1.637569e+001
1.637569e+001
1.786585e+001
1.786585e+001
1.655307e+001
1.655307e+001
1.655307e+001
1.512755e+001
1.512755e+001
1.583422e+001
1.583422e+001
1.583422e+001
1.781818e+001
1.781818e+001
1.753571e+001
1.753571e+001
1.692000e+001
1.692000e+001
1.583422e+001
1.583422e+001
1.720000e+001
1.720000e+001
1.720000e+001
1.811043e+001
1.780723e+001
1.780723e+001
1.780723e+001
1.678977e+001
1.678977e+001
1.678977e+001
1.722093e+001
1.722093e+001
1.722093e+001
1.692571e+001
1.692571e+001
1.667797e+001
1.667797e+001
1.667797e+001
1.810429e+001
1.810429e+001
1.574866e+001
1.574866e+001
1.574866e+001
1.773653e+001
1.773653e+001
1.750296e+001
1.750296e+001
1.712791e+001
1.637989e+001
1.637989e+001
1.673295e+001
1.699425e+001
1.699425e+001
1.594595e+001
1.594595e+001
1.690286e+001
1.570213e+001
1.570213e+001
1.683333e+001
1.765868e+001
1.678409e+001
1.692000e+001
1.553684e+001
1.553684e+001
1.683429e+001
1.683429e+001
1.568617e+001
1.568617e+001
1.733529e+001
1.476382e+001
1.761310e+001
1.757143e+001
1.757143e+001
1.757143e+001
1.651977e+001
1.651977e+001
1.503553e+001
1.503553e+001
1.598913e+001
1.598913e+001
1.528646e+001
1.528646e+001
1.782424e+001
1.782424e+001
1.739645e+001
1.598919e+001
1.598919e+001
1.714451e+001
1.714451e+001
1.612022e+001
1.612022e+001
1.612022e+001
1.716279e+001
1.716279e+001
1.743529e+001
1.743529e+001
1.829814e+001
1.829814e+001
1.829814e+001
1.924342e+001
1.647191e+001
1.647191e+001
1.677273e+001
1.742262e+001
1.742262e+001
1.662500e+001
1.662500e+001
1.634254e+001
1.634254e+001
1.757143e+001
1.757143e+001
1.663842e+001
1.663842e+001
1.663842e+001
1.534715e+001
1.534715e+001
1.561905e+001
1.561905e+001
1.651397e+001
1.651397e+001
1.623204e+001
1.623204e+001
1.623204e+001
1.646111e+001
1.646111e+001
1.665169e+001
1.665169e+001
1.665169e+001
1.677273e+001
1.677273e+001
1.720930e+001
1.720930e+001
1.720930e+001
1.690857e+001
1.690857e+001
1.718605e+001
1.718605e+001
1.662712e+001
1.662712e+001
1.662712e+001
1.528497e+001
1.528497e+001
1.722807e+001
1.722807e+001
1.793293e+001
1.793293e+001
1.793293e+001
1.674286e+001
1.674286e+001
1.605435e+001
1.605435e+001
1.605435e+001
1.673864e+001
1.673864e+001
1.673864e+001
1.596757e+001
1.596757e+001
1.416425e+001
1.416425e+001
1.592391e+001
1.759524e+001
1.759524e+001
1.648603e+001
1.787879e+001
1.780723e+001
1.780723e+001
1.665169e+001
1.542188e+001
1.682955e+001
1.682955e+001
1.781707e+001
1.781707e+001
1.773054e+001
1.773054e+001
1.725882e+001
1.725882e+001
1.447783e+001
1.447783e+001
1.907097e+001
1.907097e+001
1.763690e+001
1.763690e+001
1.717442e+001
1.717442e+001
1.656180e+001
1.656180e+001
1.644382e+001
1.644382e+001
1.644382e+001
1.722674e+001
1.722674e+001
1.700000e+001
1.700000e+001
1.771856e+001
1.771856e+001
1.771856e+001
1.763253e+001
1.763253e+001
1.725731e+001
1.725731e+001
1.654494e+001
1.654494e+001
1.405238e+001
1.405238e+001
1.581720e+001
1.581720e+001
1.840994e+001
1.840994e+001
1.820497e+001
1.820497e+001
1.494444e+001
1.494444e+001
1.709827e+001
1.709827e+001
1.709827e+001
1.781212e+001
1.781212e+001
1.817901e+001
1.817901e+001
1.730409e+001
1.730409e+001
1.555263e+001
1.555263e+001
1.827778e+001
1.827778e+001
1.827778e+001
1.743529e+001
1.743529e+001
1.599459e+001
1.599459e+001
1.896154e+001
1.896154e+001
1.896154e+001
1.585484e+001
1.585484e+001
1.664972e+001
1.664972e+001
1.664972e+001
1.629834e+001
1.629834e+001
1.658427e+001
1.658427e+001
1.647486e+001
1.647486e+001
1.670056e+001
1.670056e+001
1.670056e+001
1.527979e+001
1.527979e+001
1.671591e+001
1.671591e+001
1.632778e+001
1.632778e+001
1.620219e+001
1.620219e+001
1.620219e+001
1.795758e+001
1.663842e+001
1.663842e+001
1.663842e+001
1.784337e+001
1.784337e+001
1.584409e+001
1.584409e+001
1.584409e+001
1.526804e+001
1.526804e+001
1.794512e+001
1.794512e+001
1.618579e+001
1.618579e+001
1.730000e+001
1.730000e+001
1.730000e+001
1.862264e+001
1.862264e+001
1.498477e+001
1.498477e+001
1.523834e+001
1.683523e+001
1.683523e+001
1.647222e+001
1.647222e+001
1.638122e+001
1.638122e+001
1.594565e+001
1.594565e+001
1.730994e+001
1.730994e+001
1.730994e+001
1.766265e+001
1.701156e+001
1.701156e+001
1.851875e+001
1.851875e+001
1.851875e+001
1.690857e+001
1.690857e+001
1.656497e+001
1.656497e+001
1.729240e+001
1.729240e+001
1.759524e+001
1.759524e+001
1.690857e+001
1.693143e+001
1.539583e+001
1.742353e+001
1.627624e+001
1.782424e+001
1.782424e+001
1.772455e+001
1.744970e+001
1.662360e+001
1.662360e+001
1.685057e+001
1.685057e+001
1.547895e+001
1.547895e+001
1.597838e+001
1.597838e+001
1.711561e+001
1.711561e+001
1.660112e+001
1.660112e+001
1.699422e+001
1.699422e+001
1.742353e+001
1.742353e+001
1.561702e+001
1.561702e+001
1.686286e+001
1.686286e+001
1.686286e+001
1.518974e+001
1.518974e+001
1.735294e+001
1.735294e+001
1.735294e+001
1.712717e+001
1.712717e+001
1.738824e+001
1.738824e+001
1.738824e+001
1.729412e+001
1.729412e+001
1.729412e+001
1.768862e+001
1.768862e+001
1.791411e+001
1.791411e+001
1.735294e+001
1.735294e+001
1.735294e+001
1.666667e+001
1.666667e+001
1.723256e+001
1.723256e+001
1.723256e+001
1.669886e+001
1.669886e+001
1.845283e+001
1.845283e+001
1.845283e+001
1.742353e+001
1.742353e+001
1.557672e+001
1.557672e+001
1.786061e+001
1.786061e+001
1.716860e+001
1.716860e+001
1.721512e+001
1.721512e+001
1.704023e+001
1.658427e+001
1.658427e+001
1.733333e+001
1.733333e+001
1.729825e+001
1.729825e+001
1.729825e+001
1.824074e+001
1.824074e+001
1.465174e+001
1.465174e+001
1.641111e+001
1.641111e+001
1.641111e+001
1.710983e+001
1.710983e+001
1.691379e+001
1.691379e+001
1.691379e+001
1.771084e+001
1.771084e+001
1.609783e+001
1.609783e+001
1.609783e+001
1.575269e+001
1.575269e+001
1.575269e+001
1.657627e+001
1.657627e+001
1.590270e+001
1.590270e+001
1.590270e+001
1.769277e+001
1.680571e+001
1.680571e+001
1.680571e+001
1.673446e+001
1.673446e+001
1.691429e+001
1.691429e+001
1.691429e+001
1.746154e+001
1.746154e+001
1.627624e+001
1.627624e+001
1.546073e+001
1.546073e+001
1.800610e+001
1.800610e+001
1.485427e+001
1.485427e+001
1.825926e+001
1.825926e+001
1.825926e+001
1.558511e+001
1.558511e+001
1.558511e+001
1.774251e+001
1.774251e+001
1.755357e+001
1.755357e+001
1.733333e+001
1.733333e+001
1.798780e+001
1.642135e+001
1.642135e+001
1.642135e+001
1.548168e+001
1.548168e+001
1.618681e+001
1.618681e+001
1.681250e+001
1.681250e+001
1.694798e+001
1.694798e+001
1.701724e+001
1.701724e+001
1.701724e+001
1.792121e+001
1.792121e+001
1.792121e+001
1.658757e+001
1.658757e+001
1.651955e+001
1.651955e+001
1.656497e+001
1.656497e+001
1.656497e+001
1.747337e+001
1.747337e+001
1.673295e+001
1.673295e+001
1.611475e+001
1.611475e+001
1.611475e+001
1.597838e+001
1.597838e+001
1.605978e+001
1.605978e+001
1.526042e+001
1.526042e+001
1.852500e+001
1.852500e+001
1.852500e+001
1.675706e+001
1.675706e+001
1.752663e+001
1.752663e+001
1.732749e+001
1.704023e+001
1.704023e+001
1.704023e+001
1.764072e+001
1.764072e+001
1.748810e+001
1.748810e+001
1.615301e+001
1.615301e+001
1.681143e+001
1.681143e+001
1.695977e+001
1.695977e+001
1.577005e+001
1.577005e+001
1.760119e+001
1.760119e+001
1.777108e+001
1.777108e+001
1.708140e+001
1.708140e+001
1.708140e+001
1.749704e+001
1.749704e+001
1.573936e+001
1.573936e+001
1.611957e+001
1.611957e+001
1.611957e+001
1.687429e+001
1.687429e+001
1.823602e+001
1.823602e+001
1.823602e+001
1.642222e+001
1.642222e+001
1.601630e+001
1.601630e+001
1.601630e+001
1.688571e+001
1.688571e+001
1.719767e+001
1.719767e+001
1.719767e+001
1.770659e+001
1.770659e+001
1.815951e+001
1.815951e+001
1.815951e+001
1.790303e+001
1.790303e+001
1.698276e+001
1.698276e+001
1.698276e+001
1.749704e+001
1.749704e+001
1.651397e+001
1.651397e+001
1.651397e+001
1.725882e+001
1.725882e+001
1.778916e+001
1.778916e+001
1.778916e+001
1.654190e+001
1.654190e+001
1.789697e+001
1.789697e+001
1.789697e+001
1.805488e+001
1.805488e+001
1.650838e+001
1.650838e+001
1.742604e+001
1.742604e+001
1.742604e+001
1.546597e+001
1.546597e+001
1.752663e+001
1.752663e+001
1.752663e+001
1.724561e+001
1.724561e+001
1.654749e+001
1.654749e+001
1.654749e+001
1.733529e+001
1.733529e+001
1.664773e+001
1.664773e+001
1.664773e+001
1.650838e+001
1.650838e+001
1.741765e+001
1.751479e+001
1.708721e+001
1.708721e+001
1.801840e+001
1.663636e+001
1.663636e+001
1.729240e+001
1.729240e+001
1.730994e+001
1.730994e+001
1.653073e+001
1.653073e+001
1.654237e+001
1.654237e+001
1.659887e+001
1.659887e+001
1.744643e+001
1.744643e+001
1.510769e+001
1.510769e+001
1.795732e+001
1.795732e+001
1.817178e+001
1.817178e+001
1.642778e+001
1.533679e+001
1.533679e+001
1.623077e+001
1.635912e+001
1.682759e+001
1.702299e+001
1.538542e+001
1.538542e+001
1.527320e+001
1.527320e+001
1.527320e+001
1.675000e+001
1.675000e+001
1.584865e+001
1.584865e+001
1.783030e+001
1.783030e+001
1.664972e+001
1.801227e+001
1.682386e+001
1.469154e+001
1.469154e+001
1.690286e+001
1.730994e+001
1.730994e+001
1.730994e+001
1.571658e+001
1.571658e+001
1.652514e+001
1.652514e+001
1.652514e+001
1.801829e+001
1.801829e+001
1.579144e+001
1.779394e+001
1.779394e+001
1.698266e+001
1.698266e+001
1.640782e+001
1.640782e+001
1.631285e+001
1.631285e+001
1.661236e+001
1.661236e+001
1.826543e+001
1.826543e+001
1.671186e+001
1.671186e+001
1.671186e+001
1.709827e+001
1.709827e+001
1.798780e+001
1.798780e+001
1.798780e+001
1.703448e+001
1.703448e+001
1.830864e+001
1.830864e+001
1.830864e+001
1.605978e+001
1.605978e+001
1.639444e+001
1.639444e+001
1.639444e+001
1.693678e+001
1.693678e+001
1.667614e+001
1.667614e+001
1.680571e+001
1.680571e+001
1.680571e+001
1.786145e+001
1.786145e+001
1.743787e+001
1.743787e+001
1.743787e+001
1.716279e+001
1.716279e+001
1.716279e+001
1.719767e+001
1.719767e+001
1.575532e+001
1.575532e+001
1.575532e+001
1.710405e+001
1.710405e+001
1.806098e+001
1.806098e+001
1.806098e+001
1.704624e+001
1.704624e+001
1.640223e+001
1.640223e+001
1.640223e+001
1.808537e+001
1.808537e+001
1.683333e+001
1.683333e+001
1.683333e+001
1.817391e+001
1.817391e+001
1.817391e+001
1.670056e+001
1.670056e+001
1.634807e+001
1.634807e+001
1.634807e+001
1.681143e+001
1.715789e+001
1.715789e+001
1.700000e+001
1.700000e+001
1.700000e+001
1.837500e+001
1.837500e+001
1.538021e+001
1.538021e+001
1.623077e+001
1.623077e+001
1.586559e+001
1.586559e+001
1.780606e+001
1.780606e+001
1.700000e+001
1.700000e+001
1.760843e+001
1.658989e+001
1.658989e+001
1.644693e+001
1.644693e+001
1.644693e+001
1.531088e+001
1.531088e+001
1.711561e+001
1.711561e+001
1.599459e+001
1.599459e+001
1.767066e+001
1.767066e+001
1.704023e+001
1.704023e+001
1.544503e+001
1.544503e+001
1.399522e+001
1.399522e+001
1.591398e+001
1.591398e+001
1.637017e+001
1.637017e+001
1.637017e+001
1.765663e+001
1.765663e+001
1.650838e+001
1.650838e+001
1.607650e+001
1.607650e+001
1.707558e+001
1.803659e+001
1.803659e+001
1.735882e+001
1.735882e+001
1.814198e+001
1.806098e+001
1.806098e+001
1.750296e+001
1.750296e+001
1.773054e+001
1.714035e+001
1.558421e+001
1.658427e+001
1.688000e+001
1.515385e+001
1.640782e+001
1.646369e+001
1.667045e+001
1.667045e+001
1.562963e+001
1.646667e+001
1.646667e+001
1.767066e+001
1.578610e+001
1.578610e+001
1.642697e+001
1.642697e+001
1.671751e+001
1.679545e+001
1.679545e+001
1.608152e+001
1.608152e+001
1.693064e+001
1.693064e+001
1.609290e+001
1.609290e+001
1.552632e+001
1.552632e+001
1.765060e+001
1.765060e+001
1.765060e+001
1.765868e+001
1.765868e+001
1.707514e+001
1.727059e+001
1.727059e+001
1.763095e+001
1.763095e+001
1.491414e+001
1.491414e+001
1.741176e+001
1.706395e+001
1.706395e+001
1.671023e+001
1.512245e+001
1.512245e+001
1.590323e+001
1.657865e+001
1.657865e+001
1.539063e+001
1.539063e+001
1.539063e+001
1.516923e+001
1.516923e+001
1.516923e+001
1.758929e+001
1.758929e+001
1.632044e+001
1.632044e+001
1.632044e+001
1.562234e+001
1.562234e+001
1.562234e+001
1.794479e+001
1.794479e+001
1.794479e+001
1.771257e+001
1.771257e+001
1.771257e+001
1.692529e+001
1.692529e+001
1.692529e+001
1.778313e+001
1.778313e+001
1.778313e+001
1.622222e+001
1.622222e+001
1.702890e+001
1.702890e+001
1.702890e+001
1.607065e+001
1.607065e+001
1.607065e+001
1.732164e+001
1.732164e+001
1.602174e+001
1.602174e+001
1.602174e+001
1.872152e+001
1.872152e+001
1.542408e+001
1.542408e+001
1.542408e+001
1.695402e+001
1.695402e+001
1.695402e+001
1.758929e+001
1.758929e+001
1.635556e+001
1.635556e+001
1.635556e+001
1.592391e+001
1.592391e+001
1.592391e+001
1.620765e+001
1.620765e+001
1.620765e+001
1.676136e+001
1.676136e+001
1.671751e+001
1.671751e+001
1.671751e+001
1.775904e+001
1.775904e+001
1.775904e+001
1.765060e+001
1.765060e+001
1.765060e+001
1.655307e+001
1.655307e+001
1.956954e+001
1.956954e+001
1.956954e+001
1.854717e+001
1.854717e+001
1.854717e+001
1.608743e+001
1.608743e+001
1.608743e+001
1.673446e+001
1.673446e+001
1.597826e+001
1.597826e+001
1.597826e+001
1.759524e+001
1.759524e+001
1.609783e+001
1.609783e+001
1.609783e+001
1.626374e+001
1.626374e+001
1.626374e+001
1.781212e+001
1.781212e+001
1.781212e+001
1.732941e+001
1.732941e+001
1.732941e+001
1.728070e+001
1.728070e+001
1.633333e+001
1.633333e+001
1.633333e+001
1.462500e+001
1.462500e+001
1.462500e+001
1.760119e+001
1.760119e+001
1.716860e+001
1.716860e+001
1.716860e+001
1.784337e+001
1.784337e+001
1.660674e+001
1.660674e+001
1.692000e+001
1.692000e+001
1.714535e+001
1.576471e+001
1.576471e+001
1.834783e+001
1.790854e+001
1.790854e+001
1.756287e+001
1.756287e+001
1.762874e+001
1.762874e+001
1.703488e+001
1.703488e+001
1.703488e+001
1.612568e+001
1.612568e+001
1.864557e+001
1.864557e+001
1.732941e+001
1.732941e+001
1.734706e+001
1.734706e+001
1.602703e+001
1.602703e+001
1.524742e+001
1.839130e+001
1.839130e+001
1.710465e+001
1.710465e+001
1.713873e+001
1.713873e+001
1.619672e+001
1.619672e+001
1.693103e+001
1.693103e+001
1.702299e+001
1.702299e+001
1.645000e+001
1.645000e+001
1.645000e+001
1.633149e+001
1.633149e+001
1.697110e+001
1.697110e+001
1.645556e+001
1.645556e+001
1.727485e+001
1.727485e+001
1.740588e+001
1.780606e+001
1.765663e+001
1.765663e+001
1.916883e+001
1.916883e+001
1.751479e+001
1.751479e+001
1.767066e+001
1.767066e+001
1.679545e+001
1.679545e+001
1.831677e+001
1.831677e+001
1.768862e+001
1.768862e+001
1.768862e+001
1.782530e+001
1.782530e+001
1.628177e+001
1.740237e+001
1.652514e+001
1.652514e+001
1.840373e+001
1.840373e+001
1.840373e+001
1.622652e+001
1.622652e+001
1.681143e+001
1.681143e+001
1.664407e+001
1.664407e+001
1.701149e+001
1.701149e+001
1.539474e+001
1.539474e+001
1.539474e+001
1.706358e+001
1.681143e+001
1.681143e+001
1.503061e+001
1.503061e+001
1.636313e+001
1.636313e+001
1.772455e+001
1.772455e+001
1.772455e+001
1.701156e+001
1.701156e+001
1.701156e+001
1.824691e+001
1.824691e+001
1.712209e+001
1.712209e+001
1.542708e+001
1.542708e+001
1.542708e+001
1.642778e+001
1.642778e+001
1.700575e+001
1.700575e+001
1.676705e+001
1.676705e+001
1.676705e+001
1.688506e+001
1.688506e+001
1.689143e+001
1.689143e+001
1.619672e+001
1.619672e+001
1.619672e+001
1.504061e+001
1.504061e+001
1.504061e+001
1.827500e+001
1.827500e+001
1.662712e+001
1.662712e+001
1.671751e+001
1.671751e+001
1.589785e+001
1.589785e+001
1.752663e+001
1.752663e+001
1.532124e+001
1.532124e+001
1.515897e+001
1.515897e+001
1.756548e+001
1.756548e+001
1.756548e+001
1.606557e+001
1.606557e+001
1.665537e+001
1.665537e+001
1.665537e+001
1.625967e+001
1.625967e+001
1.699425e+001
1.699425e+001
1.610929e+001
1.610929e+001
1.742012e+001
1.742012e+001
1.742012e+001
1.625824e+001
1.625824e+001
1.600543e+001
1.589730e+001
1.665730e+001
1.723256e+001
1.691429e+001
1.763095e+001
1.763095e+001
1.550000e+001
1.769880e+001
1.769880e+001
1.845000e+001
1.845000e+001
1.424638e+001
1.600541e+001
1.600541e+001
1.859494e+001
1.859494e+001
1.643889e+001
1.643889e+001
1.667614e+001
1.667614e+001
1.900645e+001
1.527604e+001
1.527604e+001
1.667614e+001
1.667614e+001
1.667614e+001
1.819255e+001
1.819255e+001
1.731579e+001
1.731579e+001
1.731579e+001
1.658757e+001
1.658757e+001
1.442439e+001
1.442439e+001
1.442439e+001
1.551053e+001
1.551053e+001
1.527083e+001
1.527083e+001
1.527083e+001
1.694286e+001
1.694286e+001
1.663483e+001
1.663483e+001
1.663483e+001
1.730000e+001
1.797561e+001
1.797561e+001
1.797561e+001
1.614286e+001
1.614286e+001
1.473367e+001
1.473367e+001
1.473367e+001
1.793333e+001
1.793333e+001
1.571809e+001
1.571809e+001
1.571809e+001
1.642458e+001
1.642458e+001
1.687356e+001
1.687356e+001
1.687356e+001
1.768263e+001
1.768263e+001
1.768263e+001
1.616940e+001
1.616940e+001
1.661798e+001
1.661798e+001
1.661798e+001
1.644444e+001
1.644444e+001
1.721637e+001
1.721637e+001
1.721637e+001
1.698851e+001
1.698851e+001
1.666292e+001
1.666292e+001
1.666292e+001
1.680114e+001
1.680114e+001
1.319283e+001
1.319283e+001
1.729825e+001
1.729825e+001
1.729825e+001
1.716279e+001
1.716279e+001
1.716279e+001
1.954967e+001
1.954967e+001
1.751786e+001
1.751786e+001
1.751786e+001
1.539063e+001
1.539063e+001
1.472500e+001
1.472500e+001
1.692000e+001
1.692000e+001
1.843125e+001
1.843125e+001
1.683429e+001
1.683429e+001
1.683429e+001
1.629834e+001
1.629834e+001
1.697110e+001
1.697110e+001
1.736686e+001
1.404306e+001
1.404306e+001
1.760714e+001
1.756287e+001
1.756287e+001
1.584946e+001
1.635912e+001
1.635912e+001
1.636111e+001
1.636111e+001
1.674011e+001
1.674011e+001
1.626923e+001
1.626923e+001
1.692000e+001
1.692000e+001
1.692000e+001
1.592935e+001
1.702874e+001
1.702874e+001
1.811656e+001
1.758084e+001
1.758084e+001
1.625414e+001
1.681818e+001
1.681818e+001
1.733918e+001
1.614286e+001
1.752381e+001
1.723837e+001
1.710983e+001
1.753293e+001
1.753293e+001
1.760714e+001
1.781212e+001
1.848428e+001
1.655618e+001
1.610326e+001
1.682857e+001
1.604372e+001
1.874684e+001
1.669492e+001
1.483417e+001
1.837500e+001
1.647486e+001
1.674011e+001
1.603243e+001
1.762500e+001
1.591351e+001
1.528497e+001
1.935948e+001
1.579144e+001
1.771084e+001
1.754438e+001
1.682386e+001
1.393396e+001
1.599459e+001
1.599459e+001
1.738824e+001
1.719186e+001
1.698276e+001
1.775449e+001
1.600541e+001
1.949007e+001
1.717544e+001
1.589247e+001
1.648876e+001
1.700000e+001
1.671591e+001
1.896774e+001
1.850943e+001
1.689595e+001
1.564021e+001
1.618132e+001
1.710983e+001
1.675141e+001
1.698266e+001
1.661582e+001
1.811656e+001
1.811656e+001
1.872152e+001
1.610870e+001
1.610870e+001
1.425962e+001
1.767066e+001
1.742353e+001
1.892949e+001
1.744970e+001
1.670056e+001
1.602703e+001
1.817178e+001
1.520619e+001
1.748521e+001
1.701724e+001
1.560000e+001
1.664407e+001
1.601630e+001
1.601622e+001
1.595652e+001
1.712791e+001
1.831677e+001
1.811111e+001
1.684000e+001
1.525258e+001
1.845000e+001
1.838750e+001
1.609783e+001
1.647191e+001
1.722222e+001
1.775449e+001
1.682386e+001
1.708092e+001
1.723529e+001
1.755090e+001
1.755090e+001
1.590860e+001
1.791515e+001
1.671751e+001
1.562434e+001
1.682386e+001
1.705233e+001
1.705233e+001
1.554737e+001
1.635556e+001
1.897436e+001
1.614208e+001
1.658427e+001
1.774850e+001
1.648603e+001
1.787273e+001
1.584409e+001
1.765060e+001
1.697126e+001
1.608743e+001
1.909091e+001
1.773054e+001
1.661798e+001
1.523316e+001
1.530208e+001
1.395238e+001
1.580749e+001
1.756287e+001
1.608152e+001
1.616393e+001
1.813497e+001
1.648603e+001
1.710983e+001
1.641111e+001
1.610440e+001
1.701149e+001
1.824845e+001
1.681250e+001
1.732164e+001
1.570745e+001
1.646111e+001
1.513918e+001
1.754762e+001
1.754762e+001
1.391981e+001
1.662921e+001
1.807975e+001
1.733918e+001
1.826250e+001
1.682955e+001
1.609836e+001
1.836025e+001
1.556842e+001
1.659322e+001
1.589189e+001
1.816564e+001
1.762275e+001
1.730994e+001
1.582888e+001
1.790909e+001
1.662147e+001
1.704046e+001
1.408095e+001
1.704046e+001
1.704046e+001
1.636667e+001
1.485859e+001
1.485859e+001
1.596196e+001
1.596196e+001
1.650000e+001
1.604891e+001
1.604891e+001
1.604891e+001
1.604891e+001
1.654749e+001
1.654749e+001
1.654749e+001
1.617486e+001
1.617486e+001
1.741765e+001
1.741765e+001
1.741765e+001
1.748810e+001
1.748810e+001
1.733529e+001
1.733529e+001
1.733529e+001
1.682759e+001
1.682759e+001
1.705263e+001
1.705263e+001
1.705263e+001
1.634807e+001
1.634807e+001
1.634807e+001
1.658989e+001
1.658989e+001
1.658989e+001
1.691379e+001
1.691379e+001
1.691379e+001
1.795706e+001
1.795706e+001
1.795706e+001
1.692571e+001
1.692571e+001
1.692571e+001
1.692571e+001
1.692571e+001
1.616393e+001
1.616393e+001
1.616393e+001
1.896154e+001
1.896154e+001
1.896154e+001
1.803704e+001
1.803704e+001
1.803704e+001
1.689143e+001
1.689143e+001
1.689143e+001
1.689143e+001
1.604918e+001
1.604918e+001
1.610326e+001
1.610326e+001
1.610326e+001
1.725294e+001
1.725294e+001
1.725294e+001
1.682857e+001
1.682857e+001
1.840000e+001
1.840000e+001
1.663483e+001
1.663483e+001
1.663483e+001
1.606011e+001
1.606011e+001
1.606011e+001
1.609239e+001
1.609239e+001
1.609239e+001
1.559474e+001
1.559474e+001
1.715205e+001
1.715205e+001
1.715205e+001
1.715205e+001
1.772892e+001
1.772892e+001
1.541667e+001
1.541667e+001
1.541667e+001
1.693714e+001
1.693714e+001
1.775904e+001
1.775904e+001
1.775904e+001
1.677714e+001
1.677714e+001
1.797546e+001
1.797546e+001
1.558421e+001
1.558421e+001
1.558421e+001
1.644134e+001
1.644134e+001
1.644134e+001
1.831875e+001
1.831875e+001
1.831875e+001
1.809317e+001
1.809317e+001
1.809317e+001
1.754762e+001
1.754762e+001
1.754762e+001
1.820988e+001
1.820988e+001
1.708092e+001
1.708092e+001
1.708092e+001
1.758084e+001
1.758084e+001
1.686286e+001
1.686286e+001
1.686286e+001
1.480711e+001
1.480711e+001
1.670056e+001
1.670056e+001
1.670056e+001
1.666292e+001
1.666292e+001
1.664407e+001
1.664407e+001
1.810494e+001
1.810494e+001
1.638889e+001
1.638889e+001
1.638889e+001
1.638889e+001
1.468500e+001
1.468500e+001
1.468500e+001
1.537500e+001
1.537500e+001
1.656425e+001
1.656425e+001
1.656425e+001
1.658989e+001
1.658989e+001
1.744970e+001
1.719186e+001
1.719186e+001
1.719186e+001
1.722093e+001
1.722093e+001
1.722093e+001
1.572340e+001
1.572340e+001
1.572340e+001
1.754438e+001
1.754438e+001
1.754438e+001
1.655618e+001
1.655618e+001
1.725731e+001
1.725731e+001
1.725731e+001
1.809877e+001
1.809877e+001
1.663842e+001
1.663842e+001
1.747929e+001
1.747929e+001
1.485354e+001
1.485354e+001
1.485354e+001
1.624862e+001
1.624862e+001
1.642458e+001
1.642458e+001
1.642458e+001
1.679429e+001
1.679429e+001
1.679429e+001
1.619780e+001
1.619780e+001
1.619780e+001
1.785542e+001
1.785542e+001
1.785542e+001
1.558421e+001
1.558421e+001
1.558421e+001
1.753846e+001
1.753846e+001
1.753846e+001
1.698276e+001
1.698276e+001
1.698276e+001
1.550000e+001
1.550000e+001
1.550000e+001
1.735503e+001
1.735503e+001
1.735503e+001
1.653073e+001
1.653073e+001
1.653073e+001
1.672727e+001
1.672727e+001
1.604348e+001
1.604348e+001
1.604348e+001
1.858228e+001
1.858228e+001
1.858228e+001
1.699425e+001
1.699425e+001
1.699425e+001
1.699425e+001
1.704624e+001
1.704624e+001
1.704624e+001
1.711561e+001
1.711561e+001
1.711561e+001
1.589730e+001
1.589730e+001
1.589730e+001
1.799390e+001
1.799390e+001
1.591398e+001
1.591398e+001
1.562434e+001
1.562434e+001
1.683429e+001
1.683429e+001
1.683429e+001
1.649721e+001
1.649721e+001
1.649721e+001
1.754167e+001
1.754167e+001
1.754167e+001
1.687931e+001
1.687931e+001
1.687931e+001
1.654190e+001
1.654190e+001
1.654190e+001
1.692571e+001
1.692571e+001
1.780120e+001
1.780120e+001
1.780120e+001
1.509694e+001
1.509694e+001
1.633702e+001
1.633702e+001
1.633702e+001
1.673446e+001
1.693714e+001
1.693714e+001
1.649721e+001
1.649721e+001
1.649721e+001
1.663483e+001
1.663483e+001
1.663483e+001
1.709827e+001
1.709827e+001
1.709827e+001
1.807927e+001
1.807927e+001
1.836025e+001
1.836025e+001
1.654494e+001
1.840373e+001
1.840373e+001
1.625967e+001
1.625967e+001
1.792727e+001
1.804268e+001
1.804268e+001
1.804268e+001
1.609783e+001
1.609783e+001
1.656742e+001
1.656742e+001
1.685227e+001
1.685227e+001
1.642458e+001
1.642458e+001
1.601622e+001
1.601622e+001
1.294298e+001
1.698276e+001
1.698276e+001
1.607065e+001
1.607065e+001
1.709249e+001
1.709249e+001
1.759281e+001
1.637989e+001
1.638333e+001
1.638333e+001
1.746154e+001
1.746154e+001
1.600541e+001
1.600541e+001
1.580214e+001
1.580214e+001
1.744379e+001
1.759880e+001
1.759880e+001
1.715789e+001
1.716959e+001
1.716959e+001
1.709302e+001
1.633889e+001
1.634254e+001
1.730409e+001
1.730409e+001
1.713295e+001
1.588649e+001
1.774251e+001
1.649162e+001
1.649162e+001
1.571809e+001
1.564362e+001
1.636111e+001
1.629282e+001
1.701156e+001
1.800000e+001
1.820497e+001
1.413462e+001
1.844025e+001
1.742012e+001
1.742012e+001
1.539791e+001
1.539791e+001
1.606593e+001
1.606593e+001
1.424272e+001
1.424272e+001
1.707514e+001
1.707514e+001
1.438350e+001
1.438350e+001
1.624176e+001
1.624176e+001
1.684483e+001
1.684483e+001
1.768263e+001
1.740828e+001
1.676705e+001
1.763690e+001
1.763690e+001
1.787879e+001
1.787879e+001
1.787879e+001
1.741420e+001
1.592432e+001
1.592432e+001
1.592432e+001
1.565608e+001
1.565608e+001
1.565608e+001
1.518653e+001
1.804268e+001
1.804268e+001
1.531088e+001
1.531088e+001
1.584492e+001
1.584492e+001
1.792683e+001
1.792683e+001
1.792683e+001
1.670621e+001
1.670621e+001
1.518557e+001
1.518557e+001
1.518557e+001
1.711047e+001
1.711047e+001
1.373488e+001
1.373488e+001
1.660674e+001
1.660674e+001
1.645506e+001
1.645506e+001
1.750888e+001
1.750888e+001
1.718023e+001
1.608696e+001
1.545026e+001
1.572872e+001
1.729825e+001
1.729825e+001
1.653933e+001
1.709249e+001
1.474129e+001
1.628571e+001
1.620879e+001
1.620879e+001
1.688571e+001
1.588172e+001
1.627473e+001
1.814110e+001
1.814110e+001
1.691429e+001
1.640782e+001
1.628022e+001
1.628022e+001
1.464500e+001
1.757738e+001
1.659322e+001
1.829012e+001
1.676571e+001
1.676571e+001
1.676571e+001
1.582888e+001
1.582888e+001
1.582888e+001
1.652514e+001
1.689080e+001
1.689080e+001
1.689080e+001
1.495918e+001
1.495918e+001
1.552105e+001
1.552105e+001
1.807975e+001
1.807975e+001
1.807975e+001
1.714620e+001
1.467327e+001
1.467327e+001
1.645000e+001
1.645000e+001
1.689595e+001
1.689595e+001
1.689595e+001
1.685057e+001
1.685057e+001
1.774251e+001
1.623889e+001
1.623889e+001
1.738235e+001
1.601630e+001
1.601630e+001
1.616940e+001
1.643017e+001
1.643017e+001
1.643017e+001
1.559788e+001
1.559788e+001
1.559788e+001
1.541146e+001
1.541146e+001
1.651397e+001
1.909032e+001
1.909032e+001
1.909032e+001
1.752663e+001
1.752663e+001
1.737647e+001
1.737647e+001
1.737647e+001
1.637430e+001
1.637430e+001
1.829193e+001
1.829193e+001
1.829193e+001
1.710405e+001
1.710405e+001
1.734706e+001
1.734706e+001
1.734706e+001
1.852201e+001
1.852201e+001
1.852201e+001
1.742941e+001
1.742941e+001
1.742941e+001
1.653073e+001
1.653073e+001
1.876433e+001
1.876433e+001
1.876433e+001
1.672727e+001
1.672727e+001
1.635359e+001
1.635359e+001
1.635359e+001
1.646111e+001
1.646111e+001
1.682955e+001
1.682955e+001
1.769461e+001
1.769461e+001
1.769461e+001
1.787805e+001
1.787805e+001
1.778313e+001
1.778313e+001
1.778313e+001
1.773494e+001
1.773494e+001
1.773494e+001
1.767066e+001
1.767066e+001
1.625275e+001
1.625275e+001
1.625275e+001
1.625275e+001
1.661582e+001
1.661582e+001
1.661582e+001
1.815951e+001
1.815951e+001
1.815951e+001
1.437745e+001
1.437745e+001
1.748810e+001
1.748810e+001
1.748810e+001
1.662147e+001
1.662147e+001
1.662147e+001
1.895484e+001
1.895484e+001
1.895484e+001
1.704651e+001
1.704651e+001
1.648045e+001
1.648045e+001
1.648045e+001
1.621547e+001
1.621547e+001
1.621547e+001
1.620330e+001
1.620330e+001
1.620330e+001
1.520619e+001
1.520619e+001
1.520619e+001
1.667232e+001
1.667232e+001
1.667232e+001
1.696552e+001
1.696552e+001
1.861006e+001
1.861006e+001
1.712717e+001
1.553158e+001
1.553158e+001
1.826543e+001
1.826543e+001
1.736471e+001
1.736471e+001
1.736471e+001
1.736471e+001
1.292982e+001
1.292982e+001
1.635912e+001
1.635912e+001
1.653371e+001
1.653371e+001
1.653371e+001
1.694857e+001
1.694857e+001
1.732749e+001
1.732353e+001
1.732353e+001
1.732353e+001
1.654190e+001
1.654190e+001
1.728070e+001
1.728070e+001
1.728070e+001
1.610929e+001
1.610929e+001
1.627624e+001
1.627624e+001
1.692571e+001
1.692571e+001
1.692571e+001
1.840000e+001
1.840000e+001
1.726471e+001
1.726471e+001
1.690173e+001
1.690173e+001
1.690173e+001
1.690173e+001
1.772455e+001
1.772455e+001
1.674857e+001
1.674857e+001
1.674857e+001
1.705202e+001
1.705202e+001
1.575000e+001
1.575000e+001
1.575000e+001
1.692571e+001
1.692571e+001
1.692571e+001
1.532642e+001
1.621547e+001
1.621547e+001
1.732353e+001
1.777711e+001
1.777711e+001
1.568254e+001
1.793293e+001
1.578075e+001
1.786667e+001
1.786667e+001
1.778916e+001
1.778916e+001
1.778916e+001
1.844375e+001
1.844375e+001
1.844375e+001
1.670286e+001
1.670286e+001
1.670286e+001
1.681143e+001
1.681143e+001
1.681143e+001
1.542632e+001
1.542632e+001
1.717442e+001
1.717442e+001
1.598913e+001
1.800610e+001
1.800610e+001
1.800610e+001
1.833540e+001
1.796951e+001
1.796951e+001
1.834161e+001
1.834161e+001
1.834161e+001
1.433981e+001
1.433981e+001
1.637778e+001
1.637778e+001
1.746746e+001
1.746746e+001
1.697110e+001
1.697110e+001
1.697110e+001
1.681714e+001
1.681714e+001
1.729412e+001
1.729412e+001
1.729412e+001
1.647753e+001
1.647753e+001
1.678977e+001
1.678977e+001
1.722674e+001
1.722674e+001
1.722674e+001
1.701156e+001
1.701156e+001
1.589730e+001
1.589730e+001
1.424638e+001
1.424638e+001
1.755090e+001
1.755090e+001
1.752976e+001
1.752976e+001
1.752976e+001
1.678977e+001
1.818405e+001
1.818405e+001
1.791515e+001
1.791515e+001
1.547644e+001
1.547644e+001
1.678977e+001
1.698851e+001
1.698851e+001
1.715789e+001
1.715789e+001
1.723529e+001
1.723529e+001
1.723529e+001
1.598907e+001
1.598907e+001
1.763095e+001
1.763095e+001
1.763095e+001
1.651685e+001
1.651685e+001
1.643889e+001
1.643889e+001
1.643889e+001
1.740588e+001
1.740588e+001
1.823457e+001
1.823457e+001
1.879618e+001
1.879618e+001
1.594624e+001
1.594624e+001
1.521244e+001
1.521244e+001
1.631492e+001
1.631492e+001
1.631492e+001
1.396226e+001
1.704651e+001
1.704651e+001
1.704651e+001
1.484925e+001
1.415789e+001
1.415789e+001
1.415789e+001
1.655618e+001
1.655618e+001
1.712139e+001
1.606011e+001
1.606011e+001
1.874051e+001
1.874051e+001
1.788485e+001
1.788485e+001
1.644693e+001
1.644693e+001
1.644693e+001
1.879618e+001
1.879618e+001
1.708092e+001
1.708092e+001
1.708092e+001
1.638889e+001
1.638889e+001
1.634807e+001
1.720468e+001
1.720468e+001
1.603261e+001
1.603261e+001
1.572872e+001
1.700000e+001
1.700000e+001
1.684000e+001
1.684000e+001
1.684000e+001
1.652514e+001
1.652514e+001
1.745238e+001
1.745238e+001
1.827329e+001
1.827329e+001
1.827329e+001
1.647486e+001
1.647486e+001
1.646369e+001
1.646369e+001
1.892308e+001
1.892308e+001
1.753846e+001
1.753846e+001
1.753846e+001
1.807317e+001
1.807317e+001
1.817901e+001
1.817901e+001
1.817901e+001
1.652809e+001
1.652809e+001
1.621429e+001
1.621429e+001
1.736471e+001
1.736471e+001
1.479500e+001
1.479500e+001
1.479500e+001
1.662921e+001
1.662921e+001
1.794512e+001
1.794512e+001
1.794512e+001
1.611413e+001
1.611413e+001
1.456158e+001
1.456158e+001
1.558201e+001
1.558201e+001
1.558201e+001
1.850625e+001
1.623077e+001
1.623077e+001
1.623077e+001
1.813497e+001
1.813497e+001
1.616940e+001
1.616940e+001
1.651124e+001
1.861635e+001
1.861635e+001
1.650838e+001
1.650838e+001
1.688506e+001
1.688506e+001
1.688506e+001
1.629834e+001
1.629834e+001
1.624725e+001
1.624725e+001
1.666102e+001
1.666102e+001
1.666102e+001
1.608152e+001
1.608152e+001
1.575269e+001
1.575269e+001
1.600000e+001
1.600000e+001
1.585027e+001
1.585027e+001
1.585027e+001
1.581720e+001
1.821739e+001
1.821739e+001
1.821739e+001
1.826087e+001
1.479500e+001
1.479500e+001
1.479500e+001
1.775449e+001
1.775449e+001
1.617680e+001
1.617680e+001
1.617680e+001
1.851266e+001
1.567914e+001
1.567914e+001
1.567914e+001
1.689595e+001
1.689595e+001
1.410000e+001
1.410000e+001
1.410000e+001
1.736686e+001
1.736686e+001
1.627473e+001
1.627473e+001
1.555026e+001
1.555026e+001
1.656983e+001
1.656983e+001
1.656983e+001
1.771257e+001
1.771257e+001
1.583957e+001
1.583957e+001
1.722674e+001
1.722674e+001
1.652514e+001
1.652514e+001
1.633702e+001
1.633702e+001
1.769461e+001
1.769461e+001
1.769461e+001
1.590323e+001
1.590323e+001
1.735503e+001
1.735503e+001
1.735503e+001
1.760479e+001
1.760479e+001
1.760479e+001
1.559474e+001
1.559474e+001
1.731361e+001
1.731361e+001
1.731361e+001
1.682955e+001
1.682955e+001
1.682955e+001
1.758683e+001
1.758683e+001
1.758683e+001
1.686782e+001
1.686782e+001
1.727485e+001
1.727485e+001
1.694253e+001
1.694253e+001
1.694253e+001
1.572727e+001
1.572727e+001
1.682759e+001
1.682759e+001
1.622099e+001
1.603804e+001
1.603804e+001
1.411005e+001
1.411005e+001
1.533161e+001
1.533161e+001
1.533161e+001
1.690857e+001
1.690857e+001
1.690857e+001
1.900641e+001
1.900641e+001
1.604348e+001
1.604348e+001
1.604348e+001
1.539791e+001
1.539791e+001
1.710405e+001
1.710405e+001
1.710405e+001
1.756548e+001
1.756548e+001
1.756548e+001
1.689714e+001
1.689714e+001
1.617582e+001
1.617582e+001
1.716471e+001
1.716471e+001
1.580645e+001
1.580645e+001
1.580645e+001
1.783636e+001
1.783636e+001
1.681143e+001
1.681143e+001
1.681143e+001
1.749704e+001
1.749704e+001
1.749704e+001
1.635359e+001
1.635359e+001
1.610326e+001
1.610326e+001
1.448529e+001
1.448529e+001
1.448529e+001
1.680114e+001
1.680114e+001
1.680114e+001
1.783735e+001
1.783735e+001
1.783735e+001
1.609239e+001
1.609239e+001
1.734503e+001
1.734503e+001
1.734503e+001
1.689655e+001
1.859748e+001
1.859748e+001
1.859748e+001
1.651955e+001
1.651955e+001
1.601630e+001
1.601630e+001
1.601630e+001
1.615847e+001
1.615847e+001
1.615847e+001
1.534197e+001
1.534197e+001
1.632778e+001
1.632778e+001
1.718713e+001
1.718713e+001
1.718713e+001
1.836646e+001
1.836646e+001
1.836646e+001
1.807975e+001
1.807975e+001
1.807975e+001
1.708092e+001
1.708092e+001
1.759524e+001
1.759524e+001
1.759524e+001
1.727647e+001
1.727647e+001
1.727647e+001
1.648603e+001
1.648603e+001
1.782530e+001
1.782530e+001
1.782530e+001
1.614835e+001
1.614835e+001
1.614835e+001
1.615301e+001
1.615301e+001
1.784940e+001
1.784940e+001
1.784940e+001
1.501026e+001
1.501026e+001
1.501026e+001
1.631285e+001
1.631285e+001
1.631285e+001
1.500508e+001
1.500508e+001
1.916993e+001
1.916993e+001
1.916993e+001
1.864557e+001
1.864557e+001
1.864557e+001
1.764072e+001
1.764072e+001
1.764072e+001
1.505641e+001
1.505641e+001
1.724706e+001
1.724706e+001
1.723256e+001
1.723256e+001
1.720349e+001
1.720349e+001
1.720349e+001
1.649153e+001
1.719298e+001
1.719298e+001
1.719298e+001
1.727485e+001
1.727485e+001
1.781325e+001
1.781325e+001
1.781325e+001
1.646629e+001
1.646629e+001
1.627778e+001
1.627778e+001
1.627778e+001
1.541146e+001
1.541146e+001
1.620330e+001
1.620330e+001
1.639665e+001
1.639665e+001
1.639665e+001
1.719298e+001
1.719298e+001
1.719298e+001
1.692000e+001
1.692000e+001
1.630939e+001
1.630939e+001
1.630939e+001
2.015753e+001
2.015753e+001
2.015753e+001
1.741765e+001
1.741765e+001
1.741765e+001
1.646927e+001
1.698266e+001
1.698266e+001
1.511735e+001
1.511735e+001
1.688000e+001
1.688000e+001
1.628022e+001
1.628022e+001
1.628022e+001
1.621978e+001
1.621978e+001
1.415311e+001
1.415311e+001
1.415311e+001
1.641111e+001
1.641111e+001
1.641111e+001
1.698276e+001
1.698276e+001
1.698276e+001
1.690857e+001
1.690857e+001
1.638674e+001
1.638674e+001
1.470149e+001
1.470149e+001
1.470149e+001
1.580214e+001
1.580214e+001
1.558201e+001
1.558201e+001
1.558201e+001
1.552910e+001
1.552910e+001
1.708092e+001
1.601622e+001
1.601622e+001
1.601622e+001
1.780723e+001
1.780723e+001
1.752976e+001
1.752976e+001
1.674011e+001
1.674011e+001
1.718023e+001
1.718023e+001
1.644134e+001
1.644134e+001
1.644134e+001
1.722674e+001
1.722674e+001
1.691954e+001
1.691954e+001
1.641341e+001
1.641341e+001
1.686782e+001
1.686782e+001
1.686782e+001
1.635556e+001
1.635556e+001
1.671751e+001
1.671751e+001
1.771257e+001
1.771257e+001
1.771257e+001
1.655618e+001
1.655618e+001
1.698844e+001
1.698844e+001
1.693143e+001
1.693143e+001
1.435122e+001
1.435122e+001
1.718605e+001
1.718605e+001
1.594624e+001
1.594624e+001
1.649162e+001
1.649162e+001
1.630939e+001
1.630939e+001
1.672316e+001
1.672316e+001
1.795152e+001
1.697688e+001
1.697688e+001
1.594624e+001
1.594624e+001
1.786061e+001
1.786061e+001
1.786061e+001
1.841875e+001
1.841875e+001
1.678409e+001
1.678409e+001
1.651397e+001
1.651397e+001
1.569681e+001
1.569681e+001
1.616667e+001
1.804878e+001
1.804878e+001
1.804878e+001
1.728070e+001
1.728070e+001
1.781928e+001
1.781928e+001
1.545789e+001
1.545789e+001
1.734118e+001
1.734118e+001
1.734118e+001
1.619231e+001
1.628177e+001
1.628177e+001
1.628177e+001
1.630387e+001
1.820370e+001
1.820370e+001
1.587500e+001
1.587500e+001
1.587500e+001
1.812270e+001
1.812270e+001
1.593548e+001
1.593548e+001
1.744118e+001
1.744118e+001
1.870064e+001
1.870064e+001
1.752381e+001
1.752381e+001
1.697110e+001
1.697110e+001
1.790303e+001
1.790303e+001
1.790303e+001
1.490452e+001
1.620879e+001
1.620879e+001
1.645000e+001
1.645000e+001
1.645000e+001
1.559474e+001
1.559474e+001
1.705233e+001
1.705233e+001
1.596196e+001
1.596196e+001
1.702299e+001
1.702299e+001
1.702299e+001
1.703488e+001
1.703488e+001
1.675568e+001
1.675568e+001
1.486432e+001
1.486432e+001
1.581818e+001
1.581818e+001
1.546073e+001
1.546073e+001
1.546073e+001
1.548691e+001
1.628571e+001
1.628571e+001
1.856604e+001
1.856604e+001
1.870886e+001
1.583957e+001
1.583957e+001
1.751479e+001
1.751479e+001
1.771856e+001
1.648315e+001
1.648315e+001
1.716959e+001
1.652514e+001
1.615301e+001
1.582888e+001
1.872152e+001
1.696552e+001
1.696552e+001
1.690286e+001
1.648603e+001
1.648603e+001
