4969
5.969153e-01
8.415421e-01
8.917872e-01
1.007259e+00
1.026389e+00
9.888737e-01
9.089353e-01
7.232436e-01
5.081605e-01
3.413035e-01
1.604793e-01
-1.001694e-01
-3.655776e-01
-5.942215e-01
-7.215376e-01
-8.449671e-01
-9.989892e-01
-9.806760e-01
-1.029434e+00
-9.592954e-01
-8.492277e-01
-6.664383e-01
-4.785266e-01
-2.034564e-01
-2.176299e-02
2.747913e-01
4.831889e-01
6.322963e-01
8.231904e-01
9.524448e-01
9.853728e-01
1.023503e+00
9.816370e-01
8.901615e-01
7.250200e-01
5.512370e-01
3.470405e-01
1.066492e-01
-6.849492e-02
-3.283482e-01
-5.096693e-01
-6.853893e-01
-8.864300e-01
-9.917073e-01
-9.510364e-01
-9.493763e-01
-8.808756e-01
-8.458511e-01
-6.397239e-01
-4.060851e-01
-2.654231e-01
5.959204e-03
1.996793e-01
4.342646e-01
6.259063e-01
7.994236e-01
8.978569e-01
9.523162e-01
1.035117e+00
9.086976e-01
8.177625e-01
7.147477e-01
5.754120e-01
3.674047e-01
7.760310e-02
-1.425436e-01
-3.649075e-01
-5.329785e-01
-7.132680e-01
-8.913147e-01
-9.777871e-01
-9.943629e-01
-1.018113e+00
-9.084183e-01
-7.818957e-01
-6.788208e-01
-4.535699e-01
-2.230479e-01
-2.976112e-02
2.789089e-01
4.490812e-01
6.282193e-01
8.063754e-01
9.375616e-01
1.005705e+00
1.035679e+00
9.246354e-01
8.165633e-01
6.822530e-01
5.029639e-01
2.932661e-01
7.270933e-02
-1.252639e-01
-3.148712e-01
-5.175080e-01
-7.250344e-01
-9.153271e-01
-9.988758e-01
-1.029438e+00
-9.700038e-01
-9.343918e-01
-8.030510e-01
-6.740384e-01
-4.482798e-01
-2.717459e-01
3.897668e-02
2.451020e-01
4.528985e-01
6.393323e-01
8.368482e-01
9.206084e-01
1.031634e+00
9.684649e-01
9.146340e-01
8.821976e-01
7.684274e-01
5.935243e-01
3.748382e-01
1.576847e-01
-6.719822e-02
-3.057472e-01
-5.066713e-01
-7.718625e-01
-8.889234e-01
-9.380028e-01
-9.607960e-01
-9.553665e-01
-8.975311e-01
-7.554974e-01
-5.944767e-01
-4.633103e-01
-2.501657e-01
-2.616898e-03
2.348539e-01
4.797687e-01
6.490407e-01
7.953379e-01
9.136717e-01
9.451602e-01
1.038068e+00
9.381701e-01
8.787701e-01
7.639598e-01
5.498463e-01
3.614093e-01
1.188512e-01
-1.247018e-01
-3.286156e-01
-5.639326e-01
-7.443908e-01
-8.537262e-01
-9.861402e-01
-1.022488e+00
-9.669974e-01
-9.192648e-01
-7.563159e-01
-6.374651e-01
-4.704066e-01
-2.141237e-01
1.948285e-03
2.073193e-01
4.007803e-01
6.751861e-01
8.262098e-01
9.244353e-01
9.981757e-01
9.786478e-01
1.007423e+00
8.248490e-01
7.180657e-01
5.887023e-01
3.310243e-01
6.952968e-02
-9.031343e-02
-3.026787e-01
-5.266830e-01
-7.488358e-01
-8.852928e-01
-9.717591e-01
-9.841940e-01
-9.710923e-01
-8.696864e-01
-7.661597e-01
-6.032516e-01
-4.324592e-01
-2.457010e-01
3.534329e-02
2.022783e-01
4.621066e-01
6.446231e-01
8.257340e-01
9.582270e-01
9.886244e-01
1.004317e+00
9.720870e-01
8.260612e-01
6.967508e-01
5.939461e-01
3.014898e-01
9.429362e-02
-1.309637e-01
-2.933571e-01
-5.323041e-01
-7.388077e-01
-8.415829e-01
-9.514432e-01
-1.036916e+00
-1.031827e+00
-8.809372e-01
-8.045008e-01
-6.256931e-01
-4.478048e-01
-2.344638e-01
3.058016e-03
2.211463e-01
4.112912e-01
6.807605e-01
7.779969e-01
9.023706e-01
9.860880e-01
1.026017e+00
9.157548e-01
8.573166e-01
7.088995e-01
5.632835e-01
2.974088e-01
1.076545e-01
-8.294127e-02
-2.921944e-01
-5.484777e-01
-7.660213e-01
-8.810705e-01
-9.582952e-01
-9.697509e-01
-9.612868e-01
-9.440793e-01
-8.170196e-01
-6.078748e-01
-4.716821e-01
-2.582333e-01
-1.746482e-02
2.748275e-01
4.721761e-01
6.714748e-01
7.993928e-01
8.821235e-01
1.025987e+00
9.835506e-01
9.477707e-01
8.413592e-01
7.638964e-01
5.169994e-01
3.251192e-01
9.390683e-02
-1.170767e-01
-2.951466e-01
-5.663065e-01
-6.867958e-01
-8.360002e-01
-9.749612e-01
-1.006699e+00
-9.434302e-01
-9.002329e-01
-7.608197e-01
-6.228528e-01
-4.572951e-01
-2.651756e-01
-4.496159e-02
2.070328e-01
4.413565e-01
6.202086e-01
8.110753e-01
9.049851e-01
9.356057e-01
9.859475e-01
9.920281e-01
8.307307e-01
7.061923e-01
5.187900e-01
3.465066e-01
1.202454e-01
-1.602891e-01
-3.200433e-01
-5.122574e-01
-7.437559e-01
-8.950323e-01
-9.238644e-01
-9.814879e-01
-1.023237e+00
-9.040658e-01
-7.522747e-01
-6.396075e-01
-4.432712e-01
-2.127841e-01
-5.516433e-03
2.060786e-01
4.081351e-01
6.527114e-01
7.826244e-01
9.039689e-01
9.372889e-01
1.006230e+00
1.002694e+00
8.552755e-01
7.360937e-01
5.318533e-01
3.153089e-01
1.395183e-01
-1.049300e-01
-3.494504e-01
-5.715972e-01
-7.620583e-01
-8.676518e-01
-9.081009e-01
-1.045741e+00
-9.528164e-01
-9.473344e-01
-7.654312e-01
-6.439760e-01
-4.663465e-01
-2.297735e-01
-1.339835e-03
2.662486e-01
4.051695e-01
6.092795e-01
7.822395e-01
9.000492e-01
9.606355e-01
1.038348e+00
9.703237e-01
8.776060e-01
7.698950e-01
5.197653e-01
3.483057e-01
9.786439e-02
-8.711652e-02
-3.033903e-01
-5.444488e-01
-7.249719e-01
-8.662326e-01
-9.103596e-01
-9.679946e-01
-9.696996e-01
-9.222125e-01
-7.719210e-01
-6.251126e-01
-4.708043e-01
-2.795320e-01
4.367032e-03
2.574224e-01
4.323357e-01
5.979970e-01
7.775899e-01
8.873854e-01
9.463874e-01
9.902668e-01
9.572752e-01
8.594381e-01
7.451600e-01
5.388348e-01
2.977671e-01
9.545992e-02
-1.342457e-01
-3.660168e-01
-5.138564e-01
-7.137550e-01
-9.110457e-01
-9.337071e-01
-1.029629e+00
-9.774263e-01
-9.441409e-01
-8.358144e-01
-6.550926e-01
-4.096159e-01
-2.183035e-01
-3.210282e-02
2.374742e-01
4.891065e-01
6.117687e-01
7.633485e-01
9.353299e-01
9.873254e-01
9.647429e-01
1.000570e+00
8.877124e-01
7.053881e-01
5.340481e-01
3.129928e-01
1.375201e-01
-1.637673e-01
-3.317217e-01
-5.223348e-01
-7.456811e-01
-8.238798e-01
-1.004812e+00
-1.030963e+00
-9.790434e-01
-9.600589e-01
-7.604957e-01
-6.183445e-01
-4.332605e-01
-2.649132e-01
4.075196e-02
1.838495e-01
4.036852e-01
6.458519e-01
7.732540e-01
9.299604e-01
9.781794e-01
9.884201e-01
9.809592e-01
8.265109e-01
7.700032e-01
5.889134e-01
2.950861e-01
1.304094e-01
-1.486741e-01
-3.544150e-01
-5.142199e-01
-6.885276e-01
-8.760947e-01
-9.624019e-01
-9.822880e-01
-9.631845e-01
-9.304829e-01
-7.829256e-01
-6.038192e-01
-4.053016e-01
-2.032611e-01
3.059596e-02
2.485566e-01
4.416927e-01
6.890863e-01
8.108158e-01
9.143433e-01
9.359924e-01
9.600651e-01
9.752475e-01
8.789544e-01
7.325022e-01
5.068789e-01
3.279188e-01
1.317070e-01
-6.609347e-02
-3.667171e-01
-5.308289e-01
-7.130577e-01
-8.733035e-01
-1.001704e+00
-9.987031e-01
-1.003240e+00
-9.220002e-01
-7.569306e-01
-5.951996e-01
-4.809600e-01
-2.476900e-01
1.678558e-02
1.874235e-01
4.252225e-01
6.369280e-01
8.395268e-01
9.625801e-01
1.021842e+00
1.032010e+00
9.610462e-01
8.491864e-01
7.622605e-01
5.643227e-01
2.924391e-01
1.139088e-01
-1.461506e-01
-3.842312e-01
-5.157945e-01
-6.918173e-01
-9.082370e-01
-9.989720e-01
-9.940718e-01
-9.627035e-01
-9.164767e-01
-7.916017e-01
-6.710783e-01
-4.154920e-01
-2.738785e-01
-3.309809e-02
2.615111e-01
4.233758e-01
6.426153e-01
7.998040e-01
8.996003e-01
1.011059e+00
1.040129e+00
9.267773e-01
8.866405e-01
7.562287e-01
5.019990e-01
3.156920e-01
7.810894e-02
-7.871600e-02
-3.035346e-01
-5.870739e-01
-7.421809e-01
-9.075976e-01
-9.877656e-01
-1.029401e+00
-9.408237e-01
-9.402038e-01
-8.241984e-01
-6.445672e-01
-4.986826e-01
-2.009517e-01
-4.125805e-02
2.024418e-01
4.617706e-01
6.082670e-01
7.908510e-01
9.120827e-01
9.748637e-01
1.036864e+00
9.995369e-01
8.874656e-01
7.421803e-01
5.828775e-01
3.822481e-01
1.015147e-01
-1.038693e-01
-2.993022e-01
-5.404154e-01
-7.031340e-01
-8.359305e-01
-9.604104e-01
-9.616335e-01
-1.019520e+00
-9.122093e-01
-8.452246e-01
-6.585927e-01
-4.488083e-01
-2.457050e-01
1.211970e-02
2.788272e-01
4.338267e-01
6.345715e-01
7.590765e-01
9.250695e-01
9.395630e-01
9.707408e-01
1.003571e+00
8.646472e-01
7.398623e-01
5.836457e-01
3.321894e-01
1.000217e-01
-1.171496e-01
-3.684824e-01
-5.753522e-01
-6.930085e-01
-8.302641e-01
-9.911148e-01
-1.004849e+00
-9.748068e-01
-8.712465e-01
-7.610854e-01
-6.461120e-01
-4.865419e-01
-2.335713e-01
3.574191e-03
2.270680e-01
4.958347e-01
6.812727e-01
7.606951e-01
9.634629e-01
9.583203e-01
9.986639e-01
9.101896e-01
8.963914e-01
7.324846e-01
5.241418e-01
3.679673e-01
6.982570e-02
-7.897152e-02
-3.319363e-01
-5.556070e-01
-7.563235e-01
-9.069982e-01
-9.405498e-01
-1.003101e+00
-9.414154e-01
-9.150150e-01
-7.900416e-01
-6.559366e-01
-4.855971e-01
-2.215647e-01
-2.211125e-02
2.404935e-01
4.701076e-01
6.677209e-01
7.655750e-01
8.859767e-01
1.006777e+00
9.502451e-01
9.343220e-01
8.832411e-01
7.028232e-01
5.761972e-01
3.614359e-01
7.190839e-02
-1.342937e-01
-2.979716e-01
-5.177464e-01
-7.418417e-01
-8.348554e-01
-9.661430e-01
-9.688742e-01
-1.032588e+00
-9.173424e-01
-8.052495e-01
-6.453605e-01
-4.545331e-01
-2.805411e-01
-4.049130e-02
2.617329e-01
4.120760e-01
6.613475e-01
7.611290e-01
9.413706e-01
9.746761e-01
1.032247e+00
9.945958e-01
8.736544e-01
7.332816e-01
5.880522e-01
3.759817e-01
8.921655e-02
-1.521001e-01
-3.313704e-01
-5.069695e-01
-7.575654e-01
-8.235765e-01
-9.214015e-01
-1.046737e+00
-1.006827e+00
-9.004581e-01
-8.087058e-01
-6.853728e-01
-4.288210e-01
-1.863248e-01
4.288556e-03
1.980211e-01
4.373563e-01
6.471510e-01
7.790371e-01
8.878903e-01
1.002448e+00
1.043782e+00
9.366695e-01
8.568201e-01
7.127159e-01
5.121281e-01
3.194212e-01
1.590642e-01
-9.756579e-02
-3.760758e-01
-5.225762e-01
-6.857229e-01
-8.860883e-01
-9.704070e-01
-9.641180e-01
-9.850624e-01
-9.381846e-01
-7.813450e-01
-6.414714e-01
-4.407868e-01
-2.420797e-01
4.473359e-02
2.460431e-01
4.073136e-01
6.818123e-01
7.718390e-01
8.941357e-01
9.623896e-01
1.022387e+00
9.608231e-01
8.632815e-01
7.190930e-01
5.478164e-01
3.679562e-01
1.486070e-01
-8.244323e-02
-3.034649e-01
-5.895939e-01
-7.007527e-01
-8.589430e-01
-9.821301e-01
-9.947544e-01
-9.860746e-01
-9.124196e-01
-7.609869e-01
-6.598643e-01
-4.932573e-01
-2.594481e-01
-4.629846e-02
2.374739e-01
4.779793e-01
6.350254e-01
8.037148e-01
9.128235e-01
9.855599e-01
9.889245e-01
9.723127e-01
8.926972e-01
7.455718e-01
5.379113e-01
3.215255e-01
8.154717e-02
-8.597128e-02
-3.142074e-01
-5.081186e-01
-7.147380e-01
-8.545629e-01
-9.280439e-01
-9.757574e-01
-9.967243e-01
-9.311882e-01
-7.537130e-01
-6.011504e-01
-4.130381e-01
-2.264092e-01
3.277350e-02
1.993003e-01
4.585477e-01
5.967289e-01
7.745091e-01
8.848227e-01
1.017929e+00
1.012932e+00
9.761878e-01
8.437542e-01
6.927495e-01
5.083236e-01
3.840721e-01
1.581405e-01
-8.908012e-02
-3.615659e-01
-5.779560e-01
-6.849066e-01
-9.054495e-01
-9.086238e-01
-9.644508e-01
-9.615961e-01
-9.073879e-01
-7.883202e-01
-6.470252e-01
-3.998876e-01
-2.797849e-01
-5.827416e-03
2.711646e-01
4.853912e-01
6.911669e-01
8.254455e-01
8.734925e-01
9.929356e-01
1.025572e+00
9.356518e-01
8.907598e-01
7.377587e-01
5.917950e-01
3.349528e-01
1.542068e-01
-1.584311e-01
-3.402729e-01
-5.193431e-01
-6.776642e-01
-8.872653e-01
-9.973693e-01
-1.027046e+00
-1.013581e+00
-9.470200e-01
-8.314951e-01
-6.877031e-01
-4.043915e-01
-1.991596e-01
1.888749e-02
2.207860e-01
4.791670e-01
6.625060e-01
8.364659e-01
9.391327e-01
9.911182e-01
1.031030e+00
9.522284e-01
8.776122e-01
7.182234e-01
5.210115e-01
3.812693e-01
8.167714e-02
-8.420538e-02
-3.104850e-01
-5.409921e-01
-7.073722e-01
-8.268284e-01
-9.977253e-01
-9.981409e-01
-9.459013e-01
-9.291918e-01
-7.913357e-01
-6.826187e-01
-4.385477e-01
-1.986323e-01
-1.920300e-02
2.459518e-01
4.751905e-01
6.050409e-01
7.863466e-01
8.847775e-01
1.027429e+00
9.522500e-01
9.088936e-01
8.795632e-01
7.376259e-01
5.831350e-01
2.997968e-01
8.793200e-02
-1.416171e-01
-3.627410e-01
-5.884207e-01
-7.373136e-01
-9.048587e-01
-9.153661e-01
-9.497312e-01
-9.536396e-01
-8.863956e-01
-8.432820e-01
-6.614522e-01
-4.280722e-01
-2.327504e-01
4.212290e-02
2.615117e-01
4.069161e-01
6.668941e-01
7.638161e-01
9.416690e-01
9.853055e-01
9.722543e-01
9.156658e-01
8.830845e-01
6.939409e-01
5.111271e-01
3.599833e-01
1.461979e-01
-9.422248e-02
-3.404309e-01
-5.116273e-01
-6.836641e-01
-8.399604e-01
-9.908286e-01
-1.043510e+00
-1.018683e+00
-9.398885e-01
-7.547020e-01
-6.780856e-01
-4.893035e-01
-2.013742e-01
-2.645680e-02
2.214470e-01
4.487678e-01
6.641963e-01
7.850772e-01
8.990806e-01
1.014333e+00
9.553687e-01
9.505468e-01
8.690039e-01
7.349319e-01
5.660124e-01
3.526749e-01
9.071033e-02
-8.302221e-02
-3.197472e-01
-5.069284e-01
-7.141979e-01
-8.718821e-01
-9.638197e-01
-9.972507e-01
-9.969549e-01
-9.479813e-01
-7.839049e-01
-6.501370e-01
-4.624393e-01
-1.840700e-01
-9.928214e-03
2.316778e-01
4.048408e-01
6.121010e-01
8.267283e-01
9.150888e-01
1.004090e+00
9.943220e-01
9.878163e-01
8.161719e-01
7.029130e-01
5.863962e-01
3.347239e-01
1.446108e-01
-1.216474e-01
-3.828129e-01
-5.603364e-01
-7.083107e-01
-8.237475e-01
-9.965440e-01
-9.866646e-01
-9.793541e-01
-9.126272e-01
-8.463098e-01
-6.862765e-01
-4.053575e-01
-2.545677e-01
2.472939e-02
2.167082e-01
4.612073e-01
6.640629e-01
8.282873e-01
8.816861e-01
1.012125e+00
1.043786e+00
9.960647e-01
8.402150e-01
7.421332e-01
5.335979e-01
2.960365e-01
1.309989e-01
-1.064646e-01
-3.011165e-01
-5.918992e-01
-7.392274e-01
-8.806763e-01
-9.911725e-01
-9.709894e-01
-1.030396e+00
-9.591212e-01
-7.633589e-01
-6.267320e-01
-4.342506e-01
-2.362627e-01
2.186897e-02
2.516755e-01
4.365941e-01
6.907048e-01
7.979122e-01
9.421033e-01
9.951331e-01
9.653725e-01
9.580409e-01
8.898208e-01
7.717548e-01
5.450379e-01
3.538907e-01
8.466372e-02
-1.558045e-01
-2.960607e-01
-5.769218e-01
-7.021792e-01
-8.604376e-01
-9.944987e-01
-9.655039e-01
-9.410737e-01
-9.193762e-01
-7.525019e-01
-6.217348e-01
-4.455472e-01
-2.718997e-01
9.817171e-03
1.999234e-01
4.720639e-01
5.969580e-01
8.432997e-01
9.125404e-01
9.767730e-01
1.037402e+00
9.981029e-01
8.318779e-01
7.267927e-01
5.066866e-01
3.579240e-01
8.930728e-02
-1.645341e-01
-3.805874e-01
-5.144241e-01
-7.572440e-01
-8.943042e-01
-9.269451e-01
-1.005591e+00
-9.378921e-01
-9.315839e-01
-7.959156e-01
-6.130677e-01
-4.684329e-01
-2.755684e-01
2.934117e-02
1.820350e-01
4.570986e-01
6.808449e-01
8.133595e-01
9.458231e-01
9.961298e-01
1.013715e+00
9.767730e-01
8.216718e-01
6.847455e-01
5.573862e-01
3.877798e-01
8.931729e-02
-1.587967e-01
-3.890828e-01
-5.103807e-01
-7.468630e-01
-9.115292e-01
-1.007429e+00
-1.032713e+00
-1.010182e+00
-9.459339e-01
-7.554833e-01
-6.254450e-01
-4.796013e-01
-2.473438e-01
-2.644977e-02
2.795337e-01
4.624375e-01
6.213853e-01
8.303822e-01
9.332736e-01
1.021705e+00
1.014624e+00
9.342833e-01
8.805295e-01
7.050120e-01
5.912094e-01
3.253078e-01
9.937761e-02
-6.702060e-02
-3.008553e-01
-5.704646e-01
-7.550769e-01
-8.175643e-01
-9.760078e-01
-1.036883e+00
-1.005836e+00
-9.317382e-01
-8.401373e-01
-6.482204e-01
-4.376955e-01
-2.463478e-01
-8.792965e-03
2.090622e-01
4.522652e-01
6.672667e-01
8.041198e-01
9.205999e-01
9.729252e-01
1.028902e+00
9.386323e-01
8.192004e-01
7.448651e-01
5.964680e-01
3.214889e-01
9.808847e-02
-1.414955e-01
-3.708510e-01
-5.342258e-01
-7.194916e-01
-8.957839e-01
-9.515415e-01
-9.613817e-01
-9.922696e-01
-9.133070e-01
-8.332150e-01
-6.388245e-01
-4.149184e-01
-2.252298e-01
1.594901e-02
2.090638e-01
4.152890e-01
5.930047e-01
8.217782e-01
9.131523e-01
9.884908e-01
9.924423e-01
1.004922e+00
8.220923e-01
7.596252e-01
5.770361e-01
3.287298e-01
1.515194e-01
-1.210744e-01
-3.583515e-01
-5.846137e-01
-7.003596e-01
-8.577593e-01
-9.719251e-01
-1.006011e+00
-1.018660e+00
-9.119102e-01
-7.533779e-01
-6.897130e-01
-3.999551e-01
-2.269615e-01
-2.801717e-02
2.334231e-01
4.363343e-01
6.701565e-01
7.708794e-01
9.341992e-01
1.028667e+00
9.672815e-01
9.436276e-01
8.548203e-01
7.500301e-01
5.792811e-01
3.277479e-01
1.448162e-01
-1.040692e-01
-3.787653e-01
-5.840760e-01
-7.299234e-01
-8.577521e-01
-9.588879e-01
-9.859626e-01
-9.995203e-01
-9.608484e-01
-7.537133e-01
-6.152029e-01
-4.752833e-01
-2.259000e-01
2.632994e-02
2.072064e-01
4.523591e-01
6.227719e-01
8.006965e-01
8.745833e-01
1.002327e+00
9.742504e-01
9.331129e-01
8.495279e-01
6.971746e-01
5.436057e-01
3.611607e-01
1.246889e-01
-1.493398e-01
-3.431075e-01
-5.051853e-01
-6.818972e-01
-9.050890e-01
-1.000411e+00
-1.037399e+00
-9.764211e-01
-9.023643e-01
-7.921122e-01
-6.720555e-01
-4.976599e-01
-2.132372e-01
-3.085792e-02
2.593398e-01
4.896937e-01
6.666456e-01
8.071770e-01
8.857012e-01
9.622256e-01
1.033346e+00
9.740479e-01
8.498104e-01
7.299312e-01
5.915096e-01
3.509286e-01
1.521530e-01
-1.542913e-01
-3.890150e-01
-5.443084e-01
-7.069760e-01
-8.962672e-01
-1.003876e+00
-9.835869e-01
-1.019573e+00
-9.531664e-01
-7.798234e-01
-6.666436e-01
-4.253629e-01
-2.424643e-01
3.615497e-02
2.747843e-01
4.380900e-01
6.463213e-01
7.654337e-01
8.862308e-01
9.792359e-01
1.035477e+00
9.810581e-01
8.779386e-01
6.919600e-01
5.576157e-01
3.199918e-01
1.144643e-01
-1.554286e-01
-3.720479e-01
-5.922292e-01
-6.806493e-01
-8.842515e-01
-9.977046e-01
-9.963832e-01
-1.032636e+00
-9.381730e-01
-7.960850e-01
-6.258948e-01
-4.535214e-01
-2.095280e-01
-1.080748e-02
2.520376e-01
4.433234e-01
6.701317e-01
8.096999e-01
9.069088e-01
9.514427e-01
9.594185e-01
9.599927e-01
8.506751e-01
7.329122e-01
5.386806e-01
2.997384e-01
8.354473e-02
-1.123349e-01
-3.261952e-01
-5.540855e-01
-7.752442e-01
-8.395361e-01
-9.425938e-01
-1.038899e+00
-9.615941e-01
-8.710465e-01
-8.324291e-01
-6.676490e-01
-3.994581e-01
-2.308786e-01
3.117681e-02
2.468497e-01
4.938142e-01
6.450523e-01
7.575496e-01
9.346529e-01
1.031597e+00
1.031079e+00
9.320030e-01
8.515070e-01
7.767790e-01
5.346329e-01
3.795049e-01
1.001480e-01
-7.543042e-02
-3.653638e-01
-5.577357e-01
-7.692593e-01
-8.356110e-01
-1.000391e+00
-9.947704e-01
-9.522640e-01
-8.841286e-01
-8.331897e-01
-6.008346e-01
-4.414981e-01
-2.645128e-01
-3.835289e-02
2.630556e-01
4.142433e-01
6.541720e-01
8.157397e-01
9.498941e-01
9.912071e-01
9.641894e-01
9.950939e-01
8.388616e-01
6.900438e-01
5.693839e-01
3.388699e-01
1.142446e-01
-9.681264e-02
-3.100465e-01
-5.638725e-01
-7.740383e-01
-8.433893e-01
-9.456967e-01
-1.003200e+00
-9.540573e-01
-9.255089e-01
-7.994163e-01
-6.584994e-01
-4.735482e-01
-2.438215e-01
3.221642e-03
1.978198e-01
4.928947e-01
6.621123e-01
7.809743e-01
9.447513e-01
1.019577e+00
1.038544e+00
9.481412e-01
8.824722e-01
7.240085e-01
5.555418e-01
3.455714e-01
1.355639e-01
-9.738995e-02
-3.685940e-01
-5.831883e-01
-7.605190e-01
-8.233190e-01
-9.096952e-01
-9.958171e-01
-9.387660e-01
-8.972857e-01
-8.373393e-01
-6.516373e-01
-4.471183e-01
-2.231248e-01
4.385719e-02
2.665850e-01
4.815413e-01
6.234392e-01
7.913139e-01
9.681622e-01
9.595548e-01
9.568236e-01
9.367866e-01
8.173076e-01
7.706579e-01
5.185415e-01
3.334540e-01
1.258240e-01
-1.004255e-01
-2.945534e-01
-5.862267e-01
-7.422353e-01
-8.498557e-01
-9.712811e-01
-9.968491e-01
-9.517834e-01
-9.388013e-01
-8.023698e-01
-6.572722e-01
-4.733427e-01
-2.599320e-01
2.993207e-04
2.472227e-01
4.711639e-01
6.005780e-01
8.125872e-01
9.265499e-01
1.025340e+00
1.039424e+00
1.005514e+00
9.065040e-01
6.932363e-01
5.055490e-01
3.112958e-01
8.323773e-02
-6.676869e-02
-3.537119e-01
-5.409303e-01
-7.183183e-01
-9.120498e-01
-9.519442e-01
-9.759705e-01
-9.956938e-01
-9.460011e-01
-8.430772e-01
-6.022146e-01
-4.935598e-01
-2.421551e-01
-9.673546e-03
2.213706e-01
4.627165e-01
6.537979e-01
8.431773e-01
8.987402e-01
9.681828e-01
1.047153e+00
9.989776e-01
9.077343e-01
7.667507e-01
5.816126e-01
3.812536e-01
1.459485e-01
-6.812664e-02
-2.967467e-01
-5.003777e-01
-7.622626e-01
-8.214278e-01
-9.705500e-01
-9.746184e-01
-9.811548e-01
-9.268010e-01
-8.223881e-01
-6.667970e-01
-4.182701e-01
-2.286657e-01
-1.496341e-02
2.517180e-01
4.559886e-01
6.662850e-01
7.635518e-01
9.661603e-01
9.722224e-01
1.020747e+00
9.969878e-01
8.839642e-01
6.831876e-01
5.873517e-01
3.509470e-01
1.636158e-01
-8.887313e-02
-3.509896e-01
-5.127527e-01
-7.202983e-01
-8.770286e-01
-9.259598e-01
-9.921015e-01
-9.806999e-01
-8.915888e-01
-7.584771e-01
-6.649900e-01
-4.685189e-01
-2.455546e-01
7.532742e-03
2.368867e-01
4.143895e-01
6.022705e-01
8.434307e-01
9.549086e-01
1.001480e+00
1.013113e+00
1.006111e+00
8.806419e-01
6.795932e-01
5.700690e-01
3.456350e-01
1.362512e-01
-8.971888e-02
-3.505626e-01
-5.704238e-01
-7.034768e-01
-8.973480e-01
-9.378738e-01
-9.876550e-01
-9.590550e-01
-9.591036e-01
-8.094403e-01
-6.608283e-01
-4.355788e-01
-2.613057e-01
-2.439454e-02
2.716339e-01
4.483897e-01
6.534543e-01
8.006739e-01
8.740775e-01
1.011065e+00
1.006342e+00
1.005158e+00
8.789750e-01
7.020796e-01
5.614827e-01
3.530909e-01
1.554154e-01
-1.018997e-01
-3.603894e-01
-5.565717e-01
-7.430222e-01
-9.080206e-01
-9.235947e-01
-9.848715e-01
-9.529061e-01
-9.651439e-01
-8.185709e-01
-6.502328e-01
-4.199742e-01
-2.379511e-01
3.523771e-02
1.914002e-01
4.046843e-01
5.973355e-01
7.885129e-01
9.651192e-01
9.889462e-01
1.045365e+00
9.534433e-01
8.760252e-01
7.506871e-01
5.029964e-01
3.491888e-01
1.023560e-01
-1.378996e-01
-3.728778e-01
-5.021752e-01
-7.598578e-01
-8.326899e-01
-9.790249e-01
-9.878551e-01
-1.017121e+00
-9.312467e-01
-8.072752e-01
-6.116639e-01
-4.799281e-01
-2.326957e-01
-3.532403e-02
2.420418e-01
4.255443e-01
6.501283e-01
7.987868e-01
9.057455e-01
9.980336e-01
9.995197e-01
9.819087e-01
8.761544e-01
6.827236e-01
5.704846e-01
2.976029e-01
1.314427e-01
-1.218038e-01
-3.829499e-01
-5.769906e-01
-6.968215e-01
-8.787619e-01
-9.663288e-01
-9.704222e-01
-9.800284e-01
-9.432198e-01
-8.452727e-01
-6.775552e-01
-4.561159e-01
-2.367960e-01
1.008040e-02
2.044229e-01
4.614901e-01
6.007882e-01
7.906062e-01
8.923330e-01
9.695534e-01
1.044132e+00
9.787700e-01
8.883005e-01
7.364232e-01
5.215010e-01
3.382144e-01
8.527140e-02
-1.387509e-01
-3.748503e-01
-5.747477e-01
-6.846819e-01
-8.545665e-01
-9.741580e-01
-1.033098e+00
-9.927966e-01
-8.971211e-01
-7.952523e-01
-6.728905e-01
-4.729248e-01
-1.987487e-01
-2.325238e-02
2.217227e-01
4.233497e-01
6.633551e-01
7.533104e-01
9.165736e-01
9.680662e-01
9.574960e-01
9.948300e-01
8.734007e-01
7.213071e-01
5.821732e-01
3.201760e-01
8.230150e-02
-1.243792e-01
-3.418723e-01
-5.371061e-01
-7.164814e-01
-8.385356e-01
-9.284168e-01
-9.626547e-01
-9.646262e-01
-9.271845e-01
-8.326383e-01
-6.073959e-01
-4.157564e-01
-1.900359e-01
-7.737346e-03
1.835557e-01
4.152535e-01
6.169175e-01
7.818106e-01
9.257773e-01
9.834882e-01
9.485631e-01
9.667379e-01
9.130633e-01
7.108871e-01
5.674452e-01
3.758986e-01
1.569817e-01
-1.542232e-01
-3.254775e-01
-5.804644e-01
-7.492953e-01
-9.077691e-01
-9.387971e-01
-9.578270e-01
-9.656592e-01
-9.215338e-01
-7.820694e-01
-6.379856e-01
-4.819354e-01
-2.695305e-01
2.428695e-02
1.828714e-01
4.929273e-01
6.576545e-01
7.966414e-01
9.652841e-01
1.016129e+00
1.016956e+00
9.347449e-01
8.549078e-01
6.947021e-01
5.265194e-01
3.896510e-01
8.045933e-02
-1.055691e-01
-3.264531e-01
-5.012641e-01
-7.259610e-01
-8.385886e-01
-9.432021e-01
-9.778509e-01
-1.029293e+00
-8.951723e-01
-8.124735e-01
-5.967914e-01
-4.566069e-01
-1.942839e-01
1.604998e-02
2.776102e-01
4.019950e-01
6.699230e-01
8.234045e-01
8.736674e-01
1.006071e+00
9.844563e-01
9.579590e-01
8.843569e-01
6.948431e-01
5.181266e-01
3.871070e-01
1.224448e-01
-1.301468e-01
-3.699229e-01
-5.455263e-01
-7.270611e-01
-8.334043e-01
-9.884397e-01
-9.997508e-01
-1.000774e+00
-8.712296e-01
-8.387784e-01
-6.882966e-01
-4.962976e-01
-1.942273e-01
-5.859289e-03
2.791136e-01
4.273801e-01
6.232603e-01
8.166709e-01
8.937914e-01
9.684762e-01
9.899913e-01
1.004846e+00
8.551452e-01
6.903203e-01
5.325137e-01
3.811095e-01
1.473711e-01
-1.156187e-01
-3.843132e-01
-5.231439e-01
-7.705476e-01
-8.723724e-01
-9.095272e-01
-9.874994e-01
-9.408422e-01
-8.871327e-01
-7.717647e-01
-6.502647e-01
-4.836821e-01
-2.032708e-01
5.867681e-03
2.002240e-01
4.786458e-01
6.350439e-01
8.158720e-01
9.465605e-01
1.005645e+00
1.042530e+00
9.508817e-01
9.124379e-01
7.052636e-01
5.840843e-01
3.852891e-01
1.331027e-01
-6.857092e-02
-3.657464e-01
-5.434099e-01
-6.985735e-01
-8.392775e-01
-9.441835e-01
-9.931430e-01
-9.512338e-01
-9.607570e-01
-7.984957e-01
-6.484049e-01
-4.973746e-01
-2.459050e-01
-2.525880e-02
2.245633e-01
4.486272e-01
5.948739e-01
8.519383e-01
9.376522e-01
1.016741e+00
9.903796e-01
9.411744e-01
8.763028e-01
6.902823e-01
5.269154e-01
2.951897e-01
7.541398e-02
-1.107965e-01
-3.042753e-01
-5.969189e-01
-7.550674e-01
-8.307585e-01
-9.791258e-01
-9.699028e-01
-9.707407e-01
-9.626045e-01
-8.099118e-01
-6.735554e-01
-4.096137e-01
-2.309454e-01
2.285965e-02
2.141841e-01
4.498942e-01
6.003581e-01
8.104326e-01
9.632586e-01
9.922062e-01
1.008704e+00
1.002847e+00
8.428600e-01
7.197022e-01
5.364380e-01
3.520396e-01
6.869886e-02
-1.162553e-01
-3.045942e-01
-5.937335e-01
-7.182150e-01
-8.733031e-01
-9.144691e-01
-9.865594e-01
-9.697792e-01
-8.894288e-01
-7.615107e-01
-6.493537e-01
-4.559449e-01
-1.843918e-01
3.564523e-02
2.427024e-01
4.842088e-01
6.281033e-01
7.870693e-01
8.871939e-01
1.021218e+00
9.908248e-01
9.852767e-01
8.974785e-01
7.772887e-01
5.371918e-01
3.683309e-01
9.284256e-02
-8.608154e-02
-3.787804e-01
-5.127398e-01
-6.947563e-01
-8.529481e-01
-9.337945e-01
-9.599153e-01
-1.012572e+00
-9.512987e-01
-7.702100e-01
-6.088029e-01
-4.168532e-01
-2.199154e-01
2.459721e-02
2.059957e-01
4.023540e-01
6.636089e-01
7.631483e-01
9.338574e-01
9.910386e-01
9.946489e-01
9.085769e-01
8.912340e-01
7.101250e-01
5.426130e-01
3.445159e-01
8.029741e-02
-1.230738e-01
-3.018416e-01
-5.089938e-01
-7.076049e-01
-8.458355e-01
-1.004235e+00
-9.917702e-01
-9.820005e-01
-9.013838e-01
-8.213902e-01
-6.515875e-01
-4.097309e-01
-2.329655e-01
-2.688671e-02
2.536689e-01
4.283955e-01
6.766014e-01
7.997734e-01
9.231923e-01
1.022176e+00
9.667797e-01
9.739908e-01
8.690353e-01
7.520760e-01
5.118509e-01
3.456174e-01
1.160039e-01
-1.209996e-01
-2.953188e-01
-5.971022e-01
-7.180758e-01
-8.763049e-01
-9.154042e-01
-9.984951e-01
-1.025319e+00
-9.054409e-01
-7.985552e-01
-6.267605e-01
-4.832167e-01
-2.602156e-01
4.676011e-02
2.373984e-01
4.082678e-01
6.371981e-01
8.320190e-01
9.507377e-01
1.008815e+00
1.012018e+00
9.381614e-01
8.450084e-01
7.284518e-01
5.481524e-01
3.870044e-01
7.018096e-02
-1.427471e-01
-3.846940e-01
-5.418237e-01
-7.041169e-01
-8.636059e-01
-9.536029e-01
-9.726446e-01
-1.023090e+00
-8.741090e-01
-7.838744e-01
-6.312572e-01
-4.952028e-01
-2.495918e-01
-3.490160e-02
2.502394e-01
4.454057e-01
6.282863e-01
8.185068e-01
8.716051e-01
9.797750e-01
9.591022e-01
9.912744e-01
8.435143e-01
7.621745e-01
5.465035e-01
3.496809e-01
7.987681e-02
-6.802025e-02
-3.857160e-01
-5.907408e-01
-7.752129e-01
-8.863755e-01
-9.918952e-01
-9.884621e-01
-1.031901e+00
-8.997023e-01
-8.378905e-01
-6.142174e-01
-4.185680e-01
-2.722761e-01
-3.180988e-03
2.223775e-01
4.107353e-01
6.706307e-01
8.089832e-01
9.497757e-01
9.592573e-01
1.040667e+00
9.559327e-01
8.438640e-01
7.146996e-01
5.582463e-01
3.031436e-01
1.309077e-01
-1.225547e-01
-3.339022e-01
-5.770335e-01
-7.200516e-01
-8.598348e-01
-9.792099e-01
-9.822179e-01
-9.764564e-01
-9.097865e-01
-7.699387e-01
-6.745903e-01
-4.374629e-01
-2.299175e-01
-1.756996e-02
2.205223e-01
4.297288e-01
6.335574e-01
8.388487e-01
9.409073e-01
9.875137e-01
1.012877e+00
9.375407e-01
8.502910e-01
7.663917e-01
5.214189e-01
3.742289e-01
8.294955e-02
-1.068571e-01
-3.510741e-01
-5.715289e-01
-7.533230e-01
-8.315412e-01
-9.218915e-01
-1.001782e+00
-9.930014e-01
-9.259275e-01
-7.768174e-01
-6.848911e-01
-4.981592e-01
-2.468805e-01
4.008107e-02
1.994532e-01
4.938708e-01
6.335671e-01
8.033905e-01
9.031942e-01
1.006517e+00
1.040345e+00
9.296930e-01
8.604257e-01
7.221168e-01
5.857810e-01
3.659716e-01
1.451016e-01
-9.080283e-02
-2.961587e-01
-5.382915e-01
-6.852269e-01
-8.609281e-01
-1.005826e+00
-1.028181e+00
-9.556599e-01
-8.815683e-01
-8.458984e-01
-6.671136e-01
-4.703451e-01
-2.321024e-01
-4.902013e-02
2.169665e-01
4.479526e-01
6.275029e-01
7.785549e-01
9.362068e-01
9.645946e-01
1.015519e+00
9.272475e-01
8.807903e-01
7.162938e-01
5.108042e-01
3.784886e-01
1.494134e-01
-1.100546e-01
-3.192797e-01
-5.422370e-01
-7.423266e-01
-8.679948e-01
-9.548562e-01
-9.520437e-01
-9.946305e-01
-9.599855e-01
-7.536952e-01
-6.324835e-01
-4.114207e-01
-1.955401e-01
1.652894e-02
1.936684e-01
4.123290e-01
6.078300e-01
7.661556e-01
9.180966e-01
9.990036e-01
9.970558e-01
9.843017e-01
8.482119e-01
7.559082e-01
5.430323e-01
3.434647e-01
1.093924e-01
-8.364937e-02
-3.292804e-01
-5.697410e-01
-7.116096e-01
-8.972474e-01
-1.005481e+00
-1.025272e+00
-9.809827e-01
-9.176771e-01
-7.759539e-01
-6.426981e-01
-4.080829e-01
-1.962159e-01
-1.482549e-03
2.316363e-01
4.705776e-01
6.263808e-01
7.696726e-01
9.530471e-01
9.819308e-01
9.808999e-01
1.006853e+00
9.130289e-01
7.741612e-01
5.471201e-01
3.653358e-01
9.506697e-02
-1.399472e-01
-3.751811e-01
-5.190904e-01
-7.079285e-01
-8.167428e-01
-9.648312e-01
-9.490951e-01
-9.697612e-01
-9.062798e-01
-8.504017e-01
-6.047051e-01
-4.830379e-01
-2.283553e-01
1.425183e-02
2.464666e-01
4.417760e-01
6.414394e-01
7.664914e-01
9.622134e-01
9.552380e-01
9.962696e-01
9.195361e-01
8.212866e-01
7.724581e-01
5.436474e-01
2.961448e-01
1.581809e-01
-1.251670e-01
-3.402843e-01
-5.341053e-01
-7.074736e-01
-8.381439e-01
-9.257468e-01
-9.979896e-01
-9.874811e-01
-8.866908e-01
-7.586463e-01
-6.462478e-01
-4.522273e-01
-2.252027e-01
-1.738658e-03
2.152703e-01
4.699736e-01
5.933095e-01
8.510294e-01
9.052413e-01
9.783065e-01
9.958661e-01
9.593829e-01
8.535214e-01
7.453618e-01
5.988638e-01
3.410627e-01
1.393423e-01
-7.165360e-02
-2.988392e-01
-5.221349e-01
-6.908463e-01
-8.819185e-01
-9.788796e-01
-9.963772e-01
-1.030801e+00
-9.612247e-01
-8.179495e-01
-6.384621e-01
-4.444810e-01
-2.649168e-01
-2.197668e-03
1.814738e-01
4.610701e-01
5.960031e-01
8.012425e-01
9.651414e-01
1.009198e+00
9.979493e-01
1.003821e+00
8.274405e-01
7.705136e-01
5.428985e-01
3.548287e-01
9.672882e-02
-1.547152e-01
-3.298567e-01
-5.198305e-01
-6.927465e-01
-8.594227e-01
-9.351300e-01
-9.863069e-01
-9.916777e-01
-9.612497e-01
-7.610120e-01
-5.977266e-01
-4.878258e-01
-1.825132e-01
-2.076527e-02
2.459147e-01
4.512200e-01
6.377214e-01
7.652243e-01
9.214948e-01
9.420124e-01
9.646248e-01
9.103875e-01
8.201554e-01
7.680802e-01
5.515482e-01
3.919817e-01
6.821457e-02
-1.209138e-01
-3.486691e-01
-5.345788e-01
-7.015586e-01
-8.612966e-01
-9.808959e-01
-9.928146e-01
-9.954518e-01
-8.845198e-01
-8.237702e-01
-6.914304e-01
-4.719728e-01
-2.452964e-01
4.246836e-02
2.025032e-01
4.450920e-01
6.833586e-01
8.032453e-01
8.798077e-01
9.777995e-01
1.044364e+00
9.326823e-01
9.122959e-01
6.806341e-01
5.405184e-01
3.906887e-01
7.348337e-02
-1.343770e-01
-3.413124e-01
-5.921570e-01
-7.435361e-01
-8.201385e-01
-9.572865e-01
-9.495404e-01
-9.631059e-01
-9.627842e-01
-8.262618e-01
-6.655922e-01
-4.540114e-01
-2.710581e-01
5.548465e-03
2.267609e-01
4.351832e-01
6.836555e-01
7.907365e-01
9.264875e-01
9.719685e-01
9.774925e-01
9.173830e-01
8.647777e-01
7.495497e-01
5.049583e-01
3.654652e-01
1.345395e-01
-1.573831e-01
-3.775656e-01
-5.323939e-01
-7.612734e-01
-8.698550e-01
-9.901667e-01
-1.024856e+00
-9.547997e-01
-9.545064e-01
-7.779679e-01
-6.140118e-01
-4.133876e-01
-2.010287e-01
-4.536279e-02
1.932229e-01
4.231741e-01
6.069825e-01
8.202787e-01
9.387361e-01
9.853867e-01
1.007332e+00
9.171228e-01
8.248758e-01
7.735577e-01
5.378266e-01
3.102640e-01
1.110293e-01
-1.555992e-01
-3.683269e-01
-5.811275e-01
-6.984333e-01
-8.836224e-01
-9.751535e-01
-1.002253e+00
-9.863045e-01
-8.892097e-01
-7.882449e-01
-6.208321e-01
-4.397847e-01
-2.030279e-01
-3.889204e-03
2.184061e-01
4.617987e-01
6.184856e-01
7.945507e-01
9.438226e-01
9.848807e-01
1.004931e+00
9.517515e-01
8.366183e-01
6.845750e-01
5.022943e-01
3.217463e-01
8.214472e-02
-6.712346e-02
-3.239763e-01
-5.652133e-01
-7.334678e-01
-8.374878e-01
-9.500006e-01
-9.860208e-01
-9.773298e-01
-8.778242e-01
-7.569998e-01
-6.892543e-01
-4.599040e-01
-2.064860e-01
1.741159e-02
1.914665e-01
4.319435e-01
6.377871e-01
8.090846e-01
9.391507e-01
9.428068e-01
1.030968e+00
9.213516e-01
8.996310e-01
7.101060e-01
5.694935e-01
3.193877e-01
1.194181e-01
-8.890702e-02
-3.618673e-01
-5.164576e-01
-6.841359e-01
-8.869031e-01
-9.568943e-01
-1.020775e+00
-9.617795e-01
-9.385833e-01
-7.666009e-01
-6.574720e-01
-4.116885e-01
-2.047017e-01
-1.956095e-02
2.712599e-01
4.136085e-01
5.973565e-01
8.101788e-01
8.938761e-01
9.725210e-01
9.513633e-01
9.906109e-01
8.246733e-01
6.884278e-01
5.647898e-01
3.140301e-01
1.607527e-01
-6.807977e-02
-3.000257e-01
-5.774817e-01
-7.260353e-01
-8.468451e-01
-9.558094e-01
-1.013918e+00
-9.723897e-01
-8.869136e-01
-7.666383e-01
-6.028362e-01
-4.444685e-01
-2.654982e-01
2.547368e-02
2.702622e-01
4.010276e-01
6.441755e-01
7.722086e-01
9.610885e-01
1.001005e+00
9.729624e-01
9.589176e-01
9.078826e-01
7.397412e-01
5.534922e-01
3.664987e-01
1.371083e-01
-1.010555e-01
-3.522607e-01
-5.064837e-01
-7.176764e-01
-8.782528e-01
-9.229698e-01
-9.665837e-01
-9.456968e-01
-9.140161e-01
-8.182186e-01
-6.692870e-01
-4.821811e-01
-2.654088e-01
-4.101447e-02
1.871853e-01
4.683370e-01
6.168908e-01
8.341663e-01
9.274002e-01
9.611394e-01
9.817391e-01
9.872590e-01
8.352295e-01
7.770018e-01
5.034328e-01
3.621523e-01
1.575782e-01
-9.980160e-02
-3.679048e-01
-5.335451e-01
-7.400670e-01
-8.268726e-01
-1.002266e+00
-1.017976e+00
-9.859577e-01
-9.247202e-01
-8.367715e-01
-6.622131e-01
-4.661923e-01
-2.110641e-01
1.447912e-02
2.367233e-01
4.849690e-01
6.724738e-01
8.172162e-01
9.609553e-01
9.840318e-01
1.037504e+00
9.827719e-01
8.244336e-01
6.929015e-01
5.077223e-01
3.796978e-01
1.008248e-01
-1.582515e-01
-3.004187e-01
-5.946449e-01
-6.780469e-01
-8.581326e-01
-9.790101e-01
-9.830175e-01
-9.396083e-01
-9.500838e-01
-7.811092e-01
-6.672562e-01
-4.318169e-01
-2.661059e-01
-9.116834e-03
2.781726e-01
4.459160e-01
6.032225e-01
8.141591e-01
8.714404e-01
1.031412e+00
9.900303e-01
9.763068e-01
9.053694e-01
7.683198e-01
5.570225e-01
3.561464e-01
1.654472e-01
-9.305158e-02
-3.196805e-01
-5.124770e-01
-7.696004e-01
-8.358443e-01
-9.293561e-01
-1.035671e+00
-9.552999e-01
-9.316899e-01
-8.105064e-01
-6.479891e-01
-4.670736e-01
-2.208669e-01
-3.418744e-02
2.378729e-01
4.255305e-01
6.231101e-01
8.502634e-01
8.925042e-01
1.012247e+00
9.568833e-01
9.943135e-01
8.966890e-01
6.825535e-01
5.275551e-01
3.410010e-01
1.606167e-01
-1.471007e-01
-3.855258e-01
-5.408589e-01
-7.590271e-01
-8.364897e-01
-9.769998e-01
-1.042930e+00
-9.474988e-01
-9.570453e-01
-7.681113e-01
-5.928414e-01
-4.081206e-01
-2.600778e-01
-8.436991e-03
2.160930e-01
4.510629e-01
5.940996e-01
8.034129e-01
8.777369e-01
9.628511e-01
1.029920e+00
9.156506e-01
8.683568e-01
7.364252e-01
5.157452e-01
3.306755e-01
1.058081e-01
-1.446768e-01
-3.253187e-01
-5.108129e-01
-7.614337e-01
-8.303318e-01
-9.127991e-01
-9.737181e-01
-1.030768e+00
-8.934900e-01
-8.465434e-01
-6.833689e-01
-4.367641e-01
-2.638653e-01
4.343064e-02
2.425972e-01
4.062284e-01
6.067564e-01
7.556676e-01
9.111225e-01
1.001040e+00
9.531645e-01
1.002186e+00
8.917787e-01
7.102734e-01
5.753172e-01
3.754345e-01
1.513240e-01
-1.312331e-01
-2.923695e-01
-5.756225e-01
-7.027986e-01
-8.949587e-01
-9.174016e-01
-9.850370e-01
-9.978011e-01
-8.919346e-01
-7.936616e-01
-6.811909e-01
-4.184775e-01
-2.474282e-01
-3.282348e-02
2.703563e-01
4.940220e-01
6.267147e-01
8.352943e-01
9.254203e-01
9.761641e-01
1.045448e+00
9.687381e-01
9.002881e-01
7.407460e-01
5.651139e-01
3.704788e-01
1.052186e-01
-6.758828e-02
-3.377532e-01
-5.769689e-01
-6.936379e-01
-8.268986e-01
-9.857988e-01
-1.040686e+00
-9.711059e-01
-9.249587e-01
-7.539131e-01
-6.658146e-01
-4.185351e-01
-2.061243e-01
3.543452e-02
2.724767e-01
4.536125e-01
6.114098e-01
7.611605e-01
9.127699e-01
9.486528e-01
9.912726e-01
9.357143e-01
8.870746e-01
7.616944e-01
5.243736e-01
3.238179e-01
1.346763e-01
-7.785595e-02
-2.946175e-01
-5.524669e-01
-7.500110e-01
-8.201181e-01
-1.006680e+00
-9.984055e-01
-9.551647e-01
-8.777802e-01
-7.800299e-01
-6.055223e-01
-4.446614e-01
-2.652651e-01
3.547535e-02
2.617266e-01
4.944140e-01
6.527546e-01
8.186684e-01
9.556917e-01
9.495880e-01
1.033476e+00
1.004502e+00
8.753594e-01
7.763862e-01
5.389863e-01
3.790790e-01
1.361547e-01
-1.422949e-01
-3.800966e-01
-5.976495e-01
-6.849922e-01
-9.158649e-01
-9.087273e-01
-1.008885e+00
-1.007285e+00
-8.730466e-01
-8.113906e-01
-6.153618e-01
-4.239866e-01
-2.494474e-01
-4.808918e-04
2.426937e-01
4.841054e-01
6.576574e-01
7.996764e-01
9.346330e-01
9.952924e-01
9.558283e-01
9.409516e-01
8.639856e-01
6.996741e-01
5.176386e-01
3.364932e-01
1.477274e-01
-1.489508e-01
-3.080698e-01
-5.308156e-01
-6.901698e-01
-9.082770e-01
-9.273726e-01
-9.592448e-01
-1.034678e+00
-8.874388e-01
-7.637976e-01
-6.532343e-01
-4.904987e-01
-1.971208e-01
3.028586e-02
2.663421e-01
4.571069e-01
6.042419e-01
7.873685e-01
8.886017e-01
1.031568e+00
9.484233e-01
9.759283e-01
8.792029e-01
7.379734e-01
5.749679e-01
3.881597e-01
7.465288e-02
-6.833351e-02
-3.777510e-01
-5.464760e-01
-6.979797e-01
-8.846141e-01
-9.710062e-01
-1.000221e+00
-1.016193e+00
-9.234844e-01
-8.234190e-01
-6.851091e-01
-4.539377e-01
-2.711344e-01
4.600404e-02
2.650306e-01
4.165811e-01
6.722867e-01
8.168238e-01
8.717243e-01
9.726146e-01
1.024463e+00
9.467430e-01
8.742178e-01
7.502891e-01
5.383776e-01
3.181513e-01
1.021859e-01
-6.662451e-02
-3.904301e-01
-5.672764e-01
-7.693453e-01
-8.166760e-01
-9.614878e-01
-9.872468e-01
-9.560644e-01
-8.903030e-01
-7.540784e-01
-6.659570e-01
-4.022710e-01
-2.378394e-01
5.534793e-03
1.848226e-01
4.864371e-01
6.578039e-01
7.523339e-01
9.402688e-01
1.017606e+00
1.028018e+00
9.447428e-01
9.023318e-01
6.948903e-01
5.124173e-01
3.170800e-01
1.418019e-01
-8.026912e-02
-3.280916e-01
-5.976689e-01
-7.554569e-01
-8.526285e-01
-1.004559e+00
-9.941588e-01
-9.633825e-01
-9.654365e-01
-8.514721e-01
-6.603009e-01
-4.172762e-01
-2.020517e-01
-1.946857e-02
1.889695e-01
4.738915e-01
6.660955e-01
8.160116e-01
9.475152e-01
9.957536e-01
9.772129e-01
9.874993e-01
8.490240e-01
6.890766e-01
5.587286e-01
3.617721e-01
1.641022e-01
-8.935661e-02
-3.093599e-01
-5.764398e-01
-7.249283e-01
-8.475414e-01
-9.209918e-01
-9.940227e-01
-9.444070e-01
-9.178215e-01
-7.944076e-01
-6.482375e-01
-4.769793e-01
-2.201207e-01
-4.798817e-03
2.349224e-01
4.408174e-01
6.165529e-01
8.369612e-01
9.185879e-01
1.033665e+00
1.006454e+00
9.222497e-01
8.941821e-01
6.964654e-01
5.426738e-01
3.496867e-01
1.181832e-01
-1.112251e-01
-3.751340e-01
-5.776668e-01
-7.244965e-01
-8.224029e-01
-1.003487e+00
-9.723618e-01
-9.887400e-01
-8.952297e-01
-7.891792e-01
-6.924344e-01
-4.354120e-01
-2.672773e-01
8.068800e-03
1.885531e-01
4.339576e-01
6.113516e-01
8.052616e-01
9.576811e-01
9.953899e-01
1.025212e+00
9.822925e-01
8.269794e-01
7.531351e-01
5.319578e-01
3.172343e-01
1.200111e-01
-1.145523e-01
-3.236412e-01
-5.879243e-01
-7.737428e-01
-8.927786e-01
-9.795186e-01
-1.022835e+00
-9.586838e-01
-9.461228e-01
-8.221477e-01
-6.407174e-01
-4.306381e-01
-2.776540e-01
-3.498574e-02
2.491302e-01
4.651482e-01
6.211405e-01
7.787063e-01
9.425024e-01
9.983191e-01
9.934553e-01
9.354142e-01
8.690017e-01
6.831030e-01
5.038375e-01
3.192994e-01
8.277619e-02
-8.600298e-02
-3.322920e-01
-5.576116e-01
-7.433655e-01
-9.047567e-01
-9.977131e-01
-1.002715e+00
-1.019908e+00
-9.346929e-01
-7.780595e-01
-6.524149e-01
-4.891521e-01
-1.844588e-01
2.034819e-02
2.423332e-01
4.631174e-01
6.660977e-01
8.288548e-01
9.010486e-01
9.744669e-01
9.533926e-01
9.674052e-01
8.299709e-01
7.459694e-01
5.040718e-01
3.333903e-01
8.766502e-02
-1.558008e-01
-3.463215e-01
-5.506576e-01
-7.503983e-01
-8.902368e-01
-9.994100e-01
-9.794354e-01
-9.750110e-01
-9.483679e-01
-7.729740e-01
-6.873980e-01
-4.640514e-01
-2.679435e-01
2.945327e-02
2.557363e-01
4.211187e-01
6.683979e-01
7.975918e-01
9.522529e-01
9.747363e-01
9.670869e-01
9.687579e-01
8.887864e-01
7.358115e-01
5.653619e-01
3.241968e-01
1.384763e-01
-1.316442e-01
-3.552807e-01
-5.857554e-01
-7.213529e-01
-8.689938e-01
-9.485373e-01
-1.043436e+00
-9.608008e-01
-8.829753e-01
-8.386715e-01
-6.499078e-01
-4.537616e-01
-2.473160e-01
-2.797105e-02
2.310430e-01
4.668468e-01
6.274889e-01
7.820036e-01
9.113842e-01
9.918286e-01
9.537989e-01
9.966263e-01
8.570830e-01
7.227929e-01
5.069245e-01
2.938462e-01
8.427320e-02
-1.002395e-01
-3.243412e-01
-5.491520e-01
-7.391369e-01
-9.138978e-01
-9.208931e-01
-9.963179e-01
-9.766593e-01
-9.340881e-01
-8.406807e-01
-6.297670e-01
-4.906642e-01
-1.839325e-01
2.647229e-02
2.316306e-01
4.405202e-01
6.025598e-01
8.251669e-01
9.603642e-01
1.012628e+00
9.560532e-01
9.300181e-01
8.370133e-01
7.421395e-01
5.270283e-01
3.016448e-01
7.191638e-02
-9.315434e-02
-3.749800e-01
-5.918594e-01
-6.862548e-01
-8.331319e-01
-9.326610e-01
-1.006832e+00
-1.013677e+00
-8.907600e-01
-8.235509e-01
-6.196670e-01
-4.631946e-01
-2.179156e-01
3.456309e-02
2.792411e-01
4.696345e-01
6.740341e-01
8.272207e-01
8.900661e-01
9.577752e-01
1.033178e+00
1.002883e+00
8.311410e-01
7.400631e-01
5.021478e-01
3.291643e-01
1.497703e-01
-9.868827e-02
-3.273567e-01
-5.062069e-01
-7.041455e-01
-8.784234e-01
-9.976473e-01
-9.674305e-01
-1.006087e+00
-8.749803e-01
-7.959170e-01
-6.225909e-01
-4.844331e-01
-2.469536e-01
4.876895e-02
2.681025e-01
4.680661e-01
6.542568e-01
8.241729e-01
9.361082e-01
9.671122e-01
1.001604e+00
9.509791e-01
8.701799e-01
7.536373e-01
5.273682e-01
3.410684e-01
1.574721e-01
-7.554421e-02
-3.403331e-01
-5.709856e-01
-7.031475e-01
-8.969337e-01
-9.148027e-01
-9.807799e-01
-9.424879e-01
-9.374273e-01
-7.742527e-01
-6.195901e-01
-4.392895e-01
-2.095096e-01
-2.059636e-02
2.103223e-01
4.842715e-01
6.558535e-01
7.805985e-01
9.411751e-01
9.671406e-01
1.038253e+00
9.529982e-01
8.162503e-01
6.996227e-01
5.978138e-01
3.352346e-01
1.424965e-01
-9.152442e-02
-3.209465e-01
-5.740571e-01
-7.114260e-01
-8.544030e-01
-9.308505e-01
-9.538371e-01
-9.989592e-01
-8.719854e-01
-7.644654e-01
-6.894109e-01
-4.102486e-01
-2.621693e-01
3.124723e-02
2.423639e-01
4.767555e-01
6.451411e-01
8.432749e-01
8.758788e-01
9.726336e-01
1.002526e+00
9.441276e-01
8.268102e-01
7.639241e-01
5.255916e-01
3.478136e-01
1.528683e-01
-1.177612e-01
-3.379218e-01
-5.695192e-01
-7.526384e-01
-8.873586e-01
-1.006926e+00
-9.981210e-01
-9.401932e-01
-9.055302e-01
-8.247970e-01
-6.037021e-01
-4.002648e-01
-2.570590e-01
2.674335e-02
1.825270e-01
4.109066e-01
6.879776e-01
8.352815e-01
9.420716e-01
1.007954e+00
9.838200e-01
9.729967e-01
8.968344e-01
7.507113e-01
5.187338e-01
3.089672e-01
1.502154e-01
-1.603177e-01
-3.489905e-01
-5.595930e-01
-6.848231e-01
-8.246641e-01
-9.139752e-01
-1.025768e+00
-1.018711e+00
-9.455350e-01
-8.285193e-01
-6.265038e-01
-4.815035e-01
-1.943261e-01
4.360997e-02
1.869971e-01
4.836233e-01
6.099545e-01
8.352478e-01
9.549513e-01
9.640820e-01
1.026623e+00
9.778831e-01
8.191552e-01
7.288344e-01
5.049144e-01
3.601571e-01
9.836268e-02
-8.734977e-02
-3.046584e-01
-5.502922e-01
-7.145080e-01
-8.228884e-01
-9.157431e-01
-1.045527e+00
-9.491202e-01
-8.846083e-01
-7.553272e-01
-6.845596e-01
-3.990947e-01
-2.611388e-01
-1.816817e-02
2.466041e-01
4.355720e-01
6.109092e-01
8.117214e-01
9.113701e-01
9.377534e-01
1.025073e+00
9.342681e-01
9.057063e-01
6.834130e-01
5.041021e-01
3.515946e-01
7.526202e-02
-1.100390e-01
-3.270402e-01
-5.222029e-01
-6.890500e-01
-8.723023e-01
-9.433217e-01
-1.010768e+00
-1.028219e+00
-9.104113e-01
-8.223363e-01
-6.834173e-01
-4.553068e-01
-2.672212e-01
-4.383369e-02
2.323362e-01
4.118983e-01
6.184310e-01
8.356754e-01
9.473035e-01
9.972240e-01
9.499819e-01
9.466751e-01
8.215956e-01
6.819930e-01
5.149597e-01
3.238689e-01
1.603932e-01
-1.446029e-01
-3.555782e-01
-5.456342e-01
-7.467145e-01
-8.235296e-01
-9.891349e-01
-1.040343e+00
-9.539883e-01
-9.056384e-01
-7.794902e-01
-6.744277e-01
-4.296328e-01
-2.501781e-01
-1.853163e-03
2.591526e-01
4.727293e-01
6.543292e-01
8.368263e-01
8.938666e-01
1.009448e+00
9.586547e-01
9.171921e-01
8.697535e-01
7.501364e-01
5.103853e-01
3.844339e-01
1.444259e-01
-1.505972e-01
-3.841557e-01
-5.893272e-01
-7.675777e-01
-8.866710e-01
-9.613659e-01
-9.846374e-01
-9.747942e-01
-9.290967e-01
-7.695978e-01
-6.248088e-01
-4.788603e-01
-2.355128e-01
-9.388252e-03
2.189147e-01
4.130687e-01
6.638371e-01
8.385688e-01
9.610224e-01
9.797874e-01
9.962953e-01
9.854989e-01
8.866555e-01
7.000015e-01
5.873649e-01
3.718529e-01
1.424489e-01
-1.054743e-01
-3.013111e-01
-5.307393e-01
-7.384221e-01
-9.098206e-01
-9.313554e-01
-9.991749e-01
-1.018807e+00
-9.622275e-01
-7.563663e-01
-6.131161e-01
-4.327970e-01
-2.457395e-01
1.219685e-02
2.145968e-01
4.536144e-01
6.000876e-01
8.267159e-01
9.613301e-01
9.563772e-01
9.939504e-01
9.875492e-01
8.304012e-01
7.679955e-01
5.270558e-01
3.839053e-01
1.273448e-01
-1.159182e-01
-3.122791e-01
-5.584243e-01
-7.508429e-01
-8.756658e-01
-9.761958e-01
-9.530077e-01
-9.554966e-01
-9.302176e-01
-7.801886e-01
-6.643432e-01
-4.447999e-01
-2.026927e-01
-2.579864e-02
2.142866e-01
4.427246e-01
6.518653e-01
8.479908e-01
9.461225e-01
9.487007e-01
9.514757e-01
9.604886e-01
8.230323e-01
7.021106e-01
5.976503e-01
3.785867e-01
1.052056e-01
-7.732979e-02
-3.779067e-01
-5.685111e-01
-7.273586e-01
-8.517373e-01
-9.972506e-01
-9.572085e-01
-9.439889e-01
-9.171176e-01
-8.292298e-01
-6.066683e-01
-4.683895e-01
-2.197240e-01
8.053902e-03
2.394700e-01
4.136903e-01
6.287647e-01
8.351786e-01
9.167779e-01
1.014710e+00
9.904413e-01
9.524189e-01
8.738342e-01
7.333997e-01
5.471059e-01
3.023280e-01
1.291259e-01
-9.375900e-02
-3.835710e-01
-5.499094e-01
-7.659270e-01
-8.188131e-01
-9.442766e-01
-1.005864e+00
-9.875804e-01
-9.402150e-01
-7.989398e-01
-6.544605e-01
-4.799793e-01
-2.763340e-01
1.122047e-02
1.855551e-01
4.334907e-01
6.149000e-01
8.151163e-01
9.617618e-01
9.718112e-01
1.047278e+00
9.845906e-01
9.015907e-01
7.562463e-01
5.182432e-01
3.220149e-01
1.027745e-01
-9.133261e-02
-3.144285e-01
-5.525195e-01
-7.395804e-01
-8.660998e-01
-9.525509e-01
-9.609153e-01
-9.734355e-01
-9.155652e-01
-8.010174e-01
-6.889709e-01
-3.989209e-01
-2.015091e-01
7.000134e-03
2.188212e-01
4.967259e-01
6.540696e-01
8.515490e-01
8.710821e-01
1.030781e+00
9.698463e-01
9.738486e-01
9.055446e-01
7.359153e-01
5.643383e-01
3.581405e-01
1.101998e-01
-1.223909e-01
-3.071656e-01
-5.254073e-01
-6.969901e-01
-8.564105e-01
-9.562962e-01
-1.020935e+00
-9.373996e-01
-9.665973e-01
-7.693116e-01
-6.079866e-01
-4.358081e-01
-2.451534e-01
-1.409326e-02
2.474237e-01
4.341400e-01
6.078012e-01
7.759311e-01
9.417622e-01
9.477480e-01
1.033398e+00
9.809615e-01
8.318316e-01
7.584372e-01
5.940191e-01
3.736855e-01
1.366757e-01
-1.130412e-01
-3.455255e-01
-5.628058e-01
-6.802150e-01
-8.258288e-01
-9.864318e-01
-9.770479e-01
-9.642276e-01
-8.870435e-01
-8.291696e-01
-5.948345e-01
-4.202184e-01
-2.560434e-01
3.076465e-02
2.439977e-01
4.863627e-01
6.090148e-01
8.514117e-01
9.225874e-01
9.863757e-01
9.626102e-01
9.861688e-01
8.411395e-01
7.046160e-01
5.627782e-01
3.901062e-01
1.091415e-01
-1.217602e-01
-2.994240e-01
-5.747950e-01
-7.624581e-01
-8.703776e-01
-9.367810e-01
-9.966895e-01
-9.920013e-01
-9.068110e-01
-7.789468e-01
-6.787208e-01
-4.668139e-01
-2.262668e-01
-1.297963e-02
2.105542e-01
4.317290e-01
6.543804e-01
7.628262e-01
9.645277e-01
9.839640e-01
9.752383e-01
1.003590e+00
8.195530e-01
7.558717e-01
5.094112e-01
3.737270e-01
6.970502e-02
-1.289483e-01
-3.470441e-01
-5.978109e-01
-6.971804e-01
-8.267166e-01
-9.136953e-01
-1.043401e+00
-1.030583e+00
-9.282740e-01
-7.760075e-01
-6.369446e-01
-4.160506e-01
-2.430951e-01
-2.098054e-02
2.774312e-01
4.683052e-01
6.761561e-01
7.859589e-01
9.676605e-01
9.511060e-01
1.043737e+00
9.181369e-01
8.286353e-01
7.219585e-01
5.365864e-01
3.002302e-01
1.142053e-01
-1.505174e-01
-3.739079e-01
-5.696897e-01
-7.581860e-01
-8.607686e-01
-9.331942e-01
-1.027422e+00
-9.993577e-01
-9.041120e-01
-8.369432e-01
-6.524304e-01
-4.304707e-01
-2.254938e-01
-3.352710e-02
2.047874e-01
4.366698e-01
6.467813e-01
8.053142e-01
9.029021e-01
9.583075e-01
9.848677e-01
9.765113e-01
8.389696e-01
7.302314e-01
5.634593e-01
3.251116e-01
1.315606e-01
-1.575578e-01
-3.218512e-01
-5.258313e-01
-7.207261e-01
-8.302809e-01
-9.161996e-01
-9.618413e-01
-1.029876e+00
-9.211693e-01
-7.908610e-01
-6.669698e-01
-4.163024e-01
-2.552496e-01
-9.002246e-03
2.034699e-01
4.924940e-01
6.889074e-01
7.914501e-01
8.860824e-01
9.687982e-01
1.041629e+00
9.790469e-01
8.847018e-01
6.941941e-01
5.071258e-01
3.292183e-01
1.058575e-01
-1.056183e-01
-3.908717e-01
-5.266529e-01
-7.514313e-01
-9.063418e-01
-9.649645e-01
-9.486881e-01
-9.684766e-01
-9.394466e-01
-7.607132e-01
-6.399896e-01
-4.650976e-01
-2.421592e-01
-3.593988e-02
2.401352e-01
4.197527e-01
6.322140e-01
7.526403e-01
9.120237e-01
9.679289e-01
1.044945e+00
9.911240e-01
8.670129e-01
7.080010e-01
5.759641e-01
3.140650e-01
1.653967e-01
-7.281737e-02
-3.623584e-01
-5.630070e-01
-7.443335e-01
-8.258891e-01
-9.703391e-01
-1.042412e+00
-1.018729e+00
-9.208821e-01
-8.032019e-01
-6.770889e-01
-4.851340e-01
-2.029251e-01
-4.289138e-02
2.470790e-01
4.101915e-01
6.383529e-01
8.326465e-01
9.391278e-01
1.001327e+00
9.682578e-01
9.794183e-01
8.263518e-01
7.304445e-01
5.675747e-01
3.854810e-01
7.015130e-02
-6.739987e-02
-3.221041e-01
-5.734057e-01
-6.793768e-01
-8.528339e-01
-9.522245e-01
-1.013809e+00
-9.385761e-01
-9.223148e-01
-7.799739e-01
-6.906597e-01
-4.368192e-01
-2.611326e-01
1.049123e-03
2.582945e-01
4.319477e-01
6.215275e-01
8.369104e-01
9.678278e-01
9.749399e-01
9.786608e-01
9.881245e-01
8.270692e-01
7.742451e-01
4.995936e-01
3.744928e-01
7.329079e-02
-1.129374e-01
-3.414818e-01
-5.988502e-01
-7.201597e-01
-8.667940e-01
-9.374147e-01
-9.649910e-01
-9.875796e-01
-9.344498e-01
-8.130411e-01
-6.110606e-01
-4.688012e-01
-1.956324e-01
3.876250e-03
2.127417e-01
4.457626e-01
6.661472e-01
8.352982e-01
8.928581e-01
9.413158e-01
9.602230e-01
9.174188e-01
8.221452e-01
7.294207e-01
5.392909e-01
3.782749e-01
1.291838e-01
-1.294396e-01
-3.056808e-01
-5.539455e-01
-7.335224e-01
-8.765305e-01
-9.118877e-01
-1.003798e+00
-9.380989e-01
-9.228829e-01
-8.370384e-01
-6.127616e-01
-4.062378e-01
-2.317648e-01
-3.089190e-02
2.549042e-01
4.776483e-01
5.968791e-01
7.802878e-01
8.791911e-01
9.858627e-01
9.498323e-01
1.002139e+00
8.917224e-01
6.854059e-01
5.055738e-01
3.771464e-01
8.024491e-02
-1.079810e-01
-3.671120e-01
-5.991023e-01
-7.561709e-01
-8.544639e-01
-9.212434e-01
-9.815419e-01
-1.029395e+00
-9.419751e-01
-7.892551e-01
-6.428649e-01
-4.758494e-01
-2.724146e-01
1.500748e-02
1.835917e-01
3.995618e-01
6.066462e-01
7.742071e-01
9.432671e-01
1.027515e+00
9.744836e-01
9.112051e-01
8.197080e-01
7.546040e-01
5.042487e-01
3.898527e-01
1.190203e-01
-1.533210e-01
-3.881227e-01
-5.614554e-01
-7.504497e-01
-8.540161e-01
-9.450277e-01
-1.020977e+00
-9.515957e-01
-9.436928e-01
-8.380464e-01
-6.428093e-01
-4.688632e-01
-2.402981e-01
-3.715367e-02
2.604746e-01
4.620668e-01
6.138352e-01
7.969894e-01
9.344595e-01
9.566179e-01
1.007033e+00
9.963168e-01
9.128865e-01
7.288060e-01
5.140117e-01
2.920968e-01
1.212079e-01
-7.435983e-02
-3.872037e-01
-5.465614e-01
-7.327132e-01
-8.984371e-01
-9.511445e-01
-9.655941e-01
-9.902955e-01
-9.493619e-01
-8.064474e-01
-6.209447e-01
-4.967329e-01
-2.104168e-01
3.591972e-02
2.326604e-01
3.989342e-01
6.190251e-01
8.170140e-01
9.482099e-01
1.024313e+00
1.034247e+00
9.328495e-01
8.717739e-01
6.851222e-01
5.830937e-01
3.360959e-01
7.070264e-02
-1.310758e-01
-3.334416e-01
-5.948226e-01
-6.872415e-01
-8.657138e-01
-9.984867e-01
-1.005228e+00
-9.398357e-01
-9.411250e-01
-7.521985e-01
-6.151016e-01
-4.271957e-01
-2.618369e-01
-2.663815e-02
2.240623e-01
4.196444e-01
6.863485e-01
7.814893e-01
9.411058e-01
1.028504e+00
1.003912e+00
9.457701e-01
8.897152e-01
7.224824e-01
5.232280e-01
3.905698e-01
6.695013e-02
-1.346253e-01
-3.098857e-01
-5.545760e-01
-7.412963e-01
-8.988739e-01
-1.004478e+00
-1.007544e+00
-1.027524e+00
-9.143930e-01
-8.018566e-01
-6.424243e-01
-4.500040e-01
-2.032582e-01
2.880406e-04
2.070971e-01
4.477603e-01
6.618546e-01
8.019662e-01
9.606236e-01
1.024720e+00
9.917121e-01
9.297631e-01
8.788273e-01
7.144736e-01
5.768862e-01
2.926027e-01
7.688259e-02
-1.436070e-01
-3.677186e-01
-5.901696e-01
-7.540305e-01
-8.602563e-01
-9.165157e-01
-9.800320e-01
-9.429613e-01
-9.595908e-01
-7.803355e-01
-6.601774e-01
-4.828902e-01
-2.550050e-01
3.287677e-02
2.468882e-01
4.732051e-01
6.530221e-01
7.686835e-01
8.691032e-01
9.440033e-01
1.033935e+00
9.587197e-01
8.176285e-01
7.529132e-01
5.936431e-01
3.153969e-01
1.044344e-01
-1.348589e-01
-3.912662e-01
-5.605850e-01
-7.353499e-01
-8.927855e-01
-9.447640e-01
-9.969450e-01
-9.882246e-01
-9.492215e-01
-8.092863e-01
-6.779283e-01
-4.879581e-01
-2.291537e-01
3.664700e-02
2.240672e-01
4.661703e-01
6.050454e-01
7.784513e-01
9.018596e-01
1.021472e+00
1.034871e+00
9.581933e-01
9.035763e-01
7.731318e-01
5.353401e-01
3.303012e-01
1.634542e-01
-1.547223e-01
-3.596049e-01
-5.787710e-01
-7.276616e-01
-8.523761e-01
-9.864976e-01
-9.596722e-01
-1.029135e+00
-9.234842e-01
-8.002617e-01
-6.357515e-01
-4.074842e-01
-2.097598e-01
4.987306e-02
1.867902e-01
4.804964e-01
6.441229e-01
8.449445e-01
8.933646e-01
9.535142e-01
9.533873e-01
9.594661e-01
8.683753e-01
7.691165e-01
5.375481e-01
2.945738e-01
1.453867e-01
-1.322957e-01
-3.536354e-01
-5.819341e-01
-7.462152e-01
-8.662701e-01
-9.579994e-01
-9.964117e-01
-9.353404e-01
-9.545767e-01
-7.787348e-01
-6.046843e-01
-4.794868e-01
-2.624956e-01
-1.003517e-02
2.569644e-01
4.082344e-01
6.036085e-01
8.283448e-01
8.838256e-01
1.027326e+00
9.758651e-01
9.164203e-01
8.336920e-01
7.236370e-01
5.130189e-01
3.611632e-01
1.647061e-01
-1.608401e-01
-3.848380e-01
-5.983421e-01
-6.928270e-01
-8.750460e-01
-9.684380e-01
-1.046187e+00
-9.626699e-01
-8.789092e-01
-8.000116e-01
-6.687534e-01
-4.100249e-01
-2.148648e-01
4.742258e-02
2.574935e-01
4.838626e-01
6.083304e-01
7.689656e-01
9.296281e-01
9.597858e-01
9.759715e-01
9.456231e-01
8.566130e-01
6.975551e-01
5.646995e-01
3.410386e-01
1.039409e-01
-1.546391e-01
-3.294918e-01
-5.925179e-01
-7.673066e-01
-8.482442e-01
-9.938163e-01
-1.037074e+00
-9.824800e-01
-9.130635e-01
-8.013378e-01
-6.383383e-01
-4.715087e-01
-2.405235e-01
-4.343907e-02
2.319405e-01
4.276658e-01
6.650996e-01
8.008704e-01
8.739603e-01
9.921831e-01
1.012598e+00
9.305761e-01
8.348128e-01
7.666418e-01
5.497589e-01
3.484412e-01
9.594867e-02
-9.566153e-02
-3.704086e-01
-5.206348e-01
-7.690943e-01
-8.829600e-01
-9.665869e-01
-1.033038e+00
-9.916753e-01
-9.590324e-01
-8.226795e-01
-6.384213e-01
-4.372876e-01
-1.960195e-01
-4.484824e-02
1.965767e-01
4.106860e-01
6.380317e-01
7.746450e-01
9.314275e-01
1.008918e+00
1.043142e+00
9.199482e-01
8.958802e-01
7.295828e-01
5.757577e-01
2.944616e-01
1.370894e-01
-1.005761e-01
-3.393287e-01
-5.720914e-01
-6.820010e-01
-8.929026e-01
-9.589604e-01
-9.740614e-01
-1.003406e+00
-8.861216e-01
-8.364738e-01
-6.461150e-01
-4.735722e-01
-2.557828e-01
2.611633e-02
2.602092e-01
4.851438e-01
6.535003e-01
8.368683e-01
8.705216e-01
1.007407e+00
9.782973e-01
9.328168e-01
8.518363e-01
6.814735e-01
5.191700e-01
3.397897e-01
1.500476e-01
-9.422275e-02
-3.680019e-01
-5.131129e-01
-7.345069e-01
-8.264903e-01
-9.689020e-01
-9.780239e-01
-9.499001e-01
-9.060058e-01
-8.328098e-01
-6.336332e-01
-4.051867e-01
-2.792079e-01
2.480382e-02
2.209009e-01
4.254341e-01
6.924245e-01
7.685246e-01
8.744444e-01
1.020789e+00
1.025422e+00
9.989629e-01
9.043125e-01
7.270872e-01
5.204715e-01
3.051345e-01
1.516173e-01
-1.410305e-01
-3.592447e-01
-5.662151e-01
-7.683566e-01
-9.113798e-01
-9.506774e-01
-9.528950e-01
-9.872955e-01
-9.213689e-01
-8.176225e-01
-6.749911e-01
-4.670443e-01
-1.839049e-01
-1.289004e-02
2.715252e-01
4.891226e-01
6.313055e-01
8.178363e-01
8.988246e-01
9.999606e-01
1.013658e+00
9.549994e-01
8.874065e-01
7.287053e-01
5.236329e-01
3.543746e-01
1.057117e-01
-9.225543e-02
-3.087031e-01
-5.467758e-01
-7.180118e-01
-9.076460e-01
-9.224809e-01
-9.556524e-01
-1.017411e+00
-8.780619e-01
-8.021553e-01
-6.799780e-01
-4.611327e-01
-1.838008e-01
-2.689722e-03
2.360789e-01
4.273691e-01
6.368089e-01
8.446962e-01
8.876953e-01
9.691524e-01
9.793991e-01
9.931819e-01
8.809785e-01
7.736174e-01
5.500514e-01
3.039832e-01
1.337178e-01
-1.642189e-01
-3.559331e-01
-5.695296e-01
-7.358809e-01
-9.061009e-01
-9.946931e-01
-9.540822e-01
-9.655214e-01
-9.465403e-01
-7.723887e-01
-6.308455e-01
-4.597269e-01
-2.107272e-01
-3.808996e-02
2.324977e-01
4.063543e-01
6.015127e-01
8.513153e-01
9.312343e-01
9.721028e-01
9.915215e-01
9.635807e-01
8.727997e-01
7.549317e-01
5.861911e-01
3.339868e-01
1.086041e-01
-8.316709e-02
-2.995111e-01
-5.450348e-01
-7.268230e-01
-8.216424e-01
-9.174283e-01
-9.677781e-01
-9.989319e-01
-9.677304e-01
-7.582968e-01
-6.626859e-01
-4.290271e-01
-2.651136e-01
-4.016378e-02
2.123301e-01
4.533737e-01
6.725125e-01
7.957474e-01
8.746725e-01
1.022088e+00
1.000658e+00
9.136380e-01
8.663237e-01
7.670181e-01
5.483709e-01
2.979096e-01
1.125116e-01
-1.396730e-01
-2.994486e-01
-5.111236e-01
-7.084425e-01
-8.405281e-01
-9.270952e-01
-1.024903e+00
-1.008760e+00
-8.929387e-01
-8.381567e-01
-6.862095e-01
-4.876460e-01
-2.661636e-01
-4.959549e-02
2.218708e-01
4.830235e-01
6.086944e-01
8.032144e-01
8.841546e-01
1.005289e+00
9.791242e-01
9.675522e-01
8.929630e-01
6.954698e-01
5.114210e-01
3.746062e-01
1.344873e-01
-1.645364e-01
-3.605722e-01
-5.252252e-01
-7.293985e-01
-8.581575e-01
-9.411342e-01
-1.011948e+00
-1.008009e+00
-9.258635e-01
-8.348683e-01
-6.425833e-01
-4.303985e-01
-1.880836e-01
1.417085e-02
2.555946e-01
4.024847e-01
6.714107e-01
8.275065e-01
9.131565e-01
9.976551e-01
1.039598e+00
1.004021e+00
8.948112e-01
7.391449e-01
5.263566e-01
3.303687e-01
1.048017e-01
-1.211492e-01
-3.417596e-01
-5.782141e-01
-7.640355e-01
-8.642083e-01
-9.552466e-01
-9.606862e-01
-9.350155e-01
-9.576053e-01
-7.976460e-01
-6.566348e-01
-4.613894e-01
-1.837860e-01
3.407638e-03
2.682299e-01
4.640297e-01
6.387275e-01
8.039081e-01
9.084254e-01
9.844331e-01
9.787162e-01
9.235821e-01
9.105912e-01
7.706290e-01
5.063916e-01
3.826175e-01
1.381341e-01
-9.743910e-02
-3.745751e-01
-5.891193e-01
-7.700110e-01
-8.536366e-01
-9.473393e-01
-1.019651e+00
-9.590809e-01
-9.557488e-01
-7.707227e-01
-6.294388e-01
-4.865396e-01
-1.886047e-01
-3.217397e-02
2.290282e-01
4.282202e-01
6.074435e-01
7.539432e-01
8.852511e-01
1.014694e+00
9.960680e-01
9.768095e-01
8.361212e-01
7.747589e-01
5.987369e-01
3.277085e-01
1.580440e-01
-7.360962e-02
-3.494493e-01
-5.169606e-01
-7.128492e-01
-9.048007e-01
-9.079961e-01
-9.733940e-01
-1.016220e+00
-9.058339e-01
-8.165588e-01
-6.455427e-01
-4.606901e-01
-2.325842e-01
-2.135462e-02
1.820737e-01
4.590904e-01
6.134442e-01
7.714071e-01
8.769197e-01
9.848853e-01
9.822480e-01
9.185131e-01
8.831380e-01
6.911999e-01
5.577924e-01
3.279527e-01
1.000149e-01
-1.104242e-01
-3.568596e-01
-5.298987e-01
-7.297539e-01
-8.883816e-01
-9.958083e-01
-1.018140e+00
-9.426395e-01
-9.448102e-01
-8.219616e-01
-6.257052e-01
-4.568059e-01
-1.880721e-01
-4.735327e-02
2.698541e-01
4.294520e-01
6.434660e-01
7.700068e-01
9.003268e-01
9.457774e-01
9.868483e-01
9.593841e-01
8.356986e-01
7.659914e-01
5.848434e-01
3.222169e-01
1.218233e-01
-6.693223e-02
-3.035399e-01
-5.078461e-01
-7.442909e-01
-8.718765e-01
-9.811661e-01
-1.045615e+00
-9.430391e-01
-9.137488e-01
-8.372490e-01
-6.708507e-01
-4.521637e-01
-2.423357e-01
2.098454e-03
1.943338e-01
4.790726e-01
6.374298e-01
7.684878e-01
9.377278e-01
1.010103e+00
1.015351e+00
9.953848e-01
8.234312e-01
7.553863e-01
5.254444e-01
3.508206e-01
1.637788e-01
-1.515397e-01
-3.478853e-01
-5.716263e-01
-7.070901e-01
-8.727298e-01
-9.916266e-01
-9.863617e-01
-9.584295e-01
-9.077042e-01
-7.633533e-01
-6.137163e-01
-4.465186e-01
-2.373787e-01
4.394551e-02
2.548333e-01
4.886719e-01
6.250133e-01
7.784391e-01
8.718067e-01
9.473069e-01
1.019266e+00
9.279447e-01
8.980362e-01
7.236269e-01
5.865072e-01
3.614262e-01
1.197520e-01
-1.010820e-01
-2.966787e-01
-5.870495e-01
-7.146768e-01
-9.061307e-01
-9.513951e-01
-9.577286e-01
-9.546295e-01
-8.683262e-01
-8.451807e-01
-6.506629e-01
-4.225310e-01
-2.131615e-01
-1.910538e-02
2.359554e-01
4.185342e-01
6.669194e-01
8.014082e-01
9.621685e-01
9.988123e-01
1.029819e+00
9.282579e-01
8.836205e-01
7.713834e-01
5.907355e-01
3.795705e-01
1.421135e-01
-1.286132e-01
-3.174715e-01
-5.540824e-01
-6.862349e-01
-8.764658e-01
-9.672214e-01
-1.044710e+00
-1.032551e+00
-9.175534e-01
-7.919305e-01
-5.999517e-01
-4.679582e-01
-2.205332e-01
4.977846e-02
2.535815e-01
4.351500e-01
6.600205e-01
7.559835e-01
9.599064e-01
1.021776e+00
1.026300e+00
9.489648e-01
8.969457e-01
7.193703e-01
5.219950e-01
2.932088e-01
7.568467e-02
-1.495971e-01
-2.996050e-01
-5.023669e-01
-6.848573e-01
-8.861305e-01
-9.362988e-01
-1.010365e+00
-1.013774e+00
-9.569658e-01
-7.734122e-01
-6.681557e-01
-4.852925e-01
-2.512421e-01
3.482459e-02
1.869586e-01
4.590139e-01
6.376948e-01
7.582443e-01
9.013965e-01
1.016066e+00
1.021662e+00
9.450302e-01
8.889738e-01
7.376955e-01
5.145418e-01
3.059438e-01
1.073350e-01
-1.090635e-01
-3.556105e-01
-5.570782e-01
-7.107525e-01
-8.631200e-01
-9.731436e-01
-9.845449e-01
-9.893860e-01
-9.034754e-01
-8.166692e-01
-6.094229e-01
-4.130248e-01
-2.339115e-01
1.207574e-02
1.910222e-01
4.590102e-01
6.842371e-01
8.473541e-01
9.347698e-01
9.864720e-01
9.884462e-01
9.806644e-01
9.008700e-01
6.987698e-01
5.455378e-01
3.139054e-01
1.604374e-01
-1.597422e-01
-3.551021e-01
-5.912408e-01
-7.297808e-01
-8.220779e-01
-9.633117e-01
-9.582846e-01
-9.742391e-01
-8.706328e-01
-8.272538e-01
-6.684557e-01
-4.557941e-01
-1.910057e-01
9.785924e-03
2.069857e-01
4.741837e-01
5.992779e-01
8.405687e-01
9.540069e-01
1.001509e+00
1.028203e+00
9.890112e-01
8.492805e-01
7.089329e-01
5.206687e-01
2.979501e-01
8.249682e-02
-1.235371e-01
-3.400613e-01
-5.612198e-01
-7.404733e-01
-8.577159e-01
-9.327822e-01
-1.003140e+00
-1.028905e+00
-8.990614e-01
-7.622768e-01
-5.968618e-01
-4.690758e-01
-1.931862e-01
-2.920475e-02
2.346711e-01
4.292340e-01
6.031930e-01
7.659644e-01
9.250207e-01
1.020598e+00
9.686396e-01
9.532397e-01
8.876060e-01
7.644064e-01
5.246542e-01
3.446224e-01
8.638075e-02
-1.093884e-01
-3.182581e-01
-5.732912e-01
-7.042653e-01
-8.997075e-01
-9.298129e-01
-1.036911e+00
-9.815895e-01
-9.317300e-01
-7.655183e-01
-5.944008e-01
-4.564108e-01
-2.248563e-01
3.823319e-02
2.189301e-01
4.842821e-01
6.684505e-01
8.112327e-01
9.077543e-01
9.409054e-01
1.017823e+00
9.613689e-01
8.789277e-01
7.326784e-01
5.732198e-01
3.001726e-01
9.297830e-02
-1.053493e-01
-3.587225e-01
-5.200213e-01
-6.963422e-01
-8.260233e-01
-9.547398e-01
-1.041059e+00
-9.716972e-01
-8.986486e-01
-7.666974e-01
-6.182795e-01
-4.760134e-01
-2.587039e-01
1.111295e-02
2.017884e-01
4.630995e-01
6.096601e-01
7.615290e-01
8.708307e-01
9.371632e-01
1.033377e+00
9.697136e-01
8.579191e-01
7.685400e-01
5.307480e-01
3.872932e-01
1.201615e-01
-7.954919e-02
-3.230362e-01
-5.372879e-01
-7.639445e-01
-8.862979e-01
-9.124708e-01
-9.553914e-01
-1.024049e+00
-8.826953e-01
-8.059568e-01
-6.747794e-01
-4.501679e-01
-2.648819e-01
-4.656600e-02
2.037553e-01
4.373190e-01
6.181335e-01
8.363755e-01
9.279085e-01
1.024454e+00
9.494330e-01
9.770876e-01
9.082863e-01
6.808540e-01
5.536757e-01
3.460051e-01
1.114670e-01
-1.207598e-01
-3.067962e-01
-5.588618e-01
-6.779719e-01
-8.442577e-01
-9.983585e-01
-9.866854e-01
-9.496110e-01
-9.288575e-01
-7.949817e-01
-6.146741e-01
-4.486816e-01
-2.379536e-01
-2.572003e-02
2.487416e-01
4.900927e-01
6.328016e-01
8.236829e-01
8.826490e-01
1.013341e+00
1.045214e+00
1.006675e+00
8.542515e-01
7.639255e-01
5.993191e-01
2.993443e-01
1.449057e-01
-1.628024e-01
-3.305292e-01
-5.667113e-01
-7.287091e-01
-9.092013e-01
-9.899679e-01
-9.589964e-01
-1.028582e+00
-8.784268e-01
-7.531804e-01
-6.249391e-01
-4.238131e-01
-2.423145e-01
-2.501001e-02
2.337155e-01
4.872181e-01
6.604398e-01
8.295028e-01
9.247607e-01
9.937535e-01
9.657017e-01
9.360938e-01
8.894041e-01
7.733009e-01
5.245189e-01
3.640841e-01
1.002463e-01
-1.545311e-01
-3.201460e-01
-5.580314e-01
-6.869990e-01
-8.408608e-01
-1.005021e+00
-1.025136e+00
-1.010979e+00
-9.584235e-01
-8.109292e-01
-6.796467e-01
-4.827808e-01
-2.496325e-01
-3.791627e-02
2.644828e-01
4.047686e-01
6.431727e-01
7.609801e-01
9.272851e-01
9.736117e-01
1.024817e+00
9.444381e-01
9.113740e-01
7.128286e-01
5.533511e-01
3.154730e-01
7.492658e-02
-1.163235e-01
-3.435573e-01
-5.186113e-01
-6.934509e-01
-8.560007e-01
-9.552177e-01
-1.022908e+00
-9.844085e-01
-9.402797e-01
-8.237543e-01
-6.192160e-01
-4.470335e-01
-2.424544e-01
-3.523436e-02
2.455225e-01
4.529791e-01
6.385366e-01
8.291135e-01
9.062629e-01
9.865261e-01
9.756836e-01
9.548933e-01
8.268128e-01
7.435530e-01
5.229219e-01
3.392561e-01
1.276209e-01
-1.072250e-01
-3.909420e-01
-5.145281e-01
-7.096721e-01
-8.651779e-01
-9.745458e-01
-9.997090e-01
-1.000037e+00
-8.747477e-01
-8.507522e-01
-6.326170e-01
-4.549315e-01
-2.513085e-01
3.853949e-02
1.980552e-01
4.798722e-01
6.194886e-01
7.843282e-01
9.141958e-01
1.015689e+00
1.026262e+00
9.309595e-01
8.349531e-01
7.070460e-01
5.498544e-01
3.578516e-01
1.065526e-01
-1.495681e-01
-3.027758e-01
-5.118133e-01
-6.993208e-01
-8.679132e-01
-9.192157e-01
-9.852745e-01
-1.018994e+00
-9.285948e-01
-7.556458e-01
-6.283746e-01
-4.244076e-01
-1.906701e-01
1.578398e-02
2.151781e-01
4.326127e-01
6.878790e-01
7.752249e-01
9.194690e-01
1.010972e+00
9.981109e-01
9.914473e-01
8.381695e-01
7.080572e-01
5.609208e-01
3.371342e-01
1.157041e-01
-7.500882e-02
-2.965606e-01
-5.840663e-01
-7.458298e-01
-9.040411e-01
-1.003303e+00
-1.029069e+00
-9.447706e-01
-9.154169e-01
-8.441099e-01
-6.397168e-01
-4.301862e-01
-2.329812e-01
-4.517787e-04
2.136419e-01
4.208254e-01
6.322816e-01
8.509332e-01
9.248046e-01
1.008115e+00
1.042210e+00
9.876798e-01
8.405858e-01
7.474395e-01
5.290019e-01
3.000383e-01
1.583029e-01
-1.059164e-01
-3.225902e-01
-5.621849e-01
-7.675859e-01
-8.555113e-01
-9.752060e-01
-1.023078e+00
-9.427499e-01
-9.234482e-01
-8.222058e-01
-6.814903e-01
-4.639942e-01
-1.978993e-01
-3.068934e-02
2.684917e-01
4.501288e-01
6.597329e-01
7.895472e-01
9.525717e-01
1.023779e+00
1.025226e+00
9.911551e-01
8.615855e-01
7.275993e-01
5.765760e-01
3.172705e-01
1.408789e-01
-1.189600e-01
-3.372768e-01
-5.167048e-01
-7.380308e-01
-9.011056e-01
-9.557553e-01
-9.716413e-01
-1.010100e+00
-9.554679e-01
-8.426728e-01
-6.428497e-01
-4.939931e-01
-2.263976e-01
2.985529e-02
1.967193e-01
4.878225e-01
6.553595e-01
7.875373e-01
9.451153e-01
9.487092e-01
9.506676e-01
9.223127e-01
9.142825e-01
7.687046e-01
5.907503e-01
3.734429e-01
1.029840e-01
-1.246260e-01
-3.335304e-01
-5.373675e-01
-7.611208e-01
-9.104027e-01
-9.911048e-01
-9.492511e-01
-9.898423e-01
-9.364115e-01
-8.008320e-01
-6.711553e-01
-4.422870e-01
-2.165764e-01
-1.891724e-02
1.870660e-01
4.676448e-01
6.780887e-01
8.384286e-01
9.531652e-01
1.009132e+00
9.971854e-01
9.283527e-01
8.672489e-01
7.401524e-01
5.222316e-01
3.575669e-01
1.271288e-01
-1.520393e-01
-3.352321e-01
-5.570503e-01
-7.264290e-01
-8.177705e-01
-1.007041e+00
-1.035222e+00
-1.020300e+00
-9.616450e-01
-8.221523e-01
-6.792228e-01
-4.472626e-01
-2.188404e-01
1.485606e-02
2.537848e-01
4.170868e-01
6.216831e-01
7.563749e-01
8.929539e-01
1.032549e+00
1.037861e+00
9.190327e-01
8.987156e-01
7.412508e-01
5.594294e-01
2.950735e-01
8.119357e-02
-1.433937e-01
-3.662442e-01
-5.188616e-01
-6.936386e-01
-8.761959e-01
-9.705541e-01
-1.022114e+00
-9.440335e-01
-9.325258e-01
-8.249810e-01
-6.889273e-01
-4.486012e-01
-2.469026e-01
-1.616878e-02
2.443787e-01
4.840491e-01
6.883943e-01
7.807421e-01
9.266349e-01
9.487021e-01
1.005823e+00
9.706600e-01
8.546575e-01
7.326292e-01
5.517322e-01
3.416954e-01
1.040386e-01
-1.499926e-01
-3.824245e-01
-5.585099e-01
-7.461727e-01
-8.837305e-01
-9.412145e-01
-1.036460e+00
-1.018778e+00
-9.616116e-01
-8.028394e-01
-6.505639e-01
-4.014204e-01
-1.956419e-01
1.936589e-02
1.818550e-01
4.339712e-01
5.958668e-01
7.871935e-01
9.671510e-01
1.023137e+00
9.789852e-01
9.355433e-01
8.627732e-01
7.219450e-01
5.845772e-01
3.014384e-01
1.492964e-01
-1.257692e-01
-3.303786e-01
-5.666303e-01
-6.991042e-01
-8.382836e-01
-9.655152e-01
-1.029040e+00
-1.025865e+00
-8.934469e-01
-7.660797e-01
-6.719964e-01
-4.080000e-01
-1.879678e-01
2.007493e-02
2.136387e-01
4.888260e-01
6.478366e-01
7.545119e-01
9.594820e-01
1.025029e+00
9.537761e-01
9.343257e-01
9.051813e-01
7.711706e-01
5.565222e-01
3.087298e-01
1.066377e-01
-1.645083e-01
-3.902423e-01
-5.495459e-01
-6.925856e-01
-8.739238e-01
-9.963849e-01
-1.030641e+00
-1.014437e+00
-8.788696e-01
-7.919822e-01
-6.531480e-01
-4.005099e-01
-2.457056e-01
-2.431689e-02
1.996963e-01
4.245086e-01
6.111188e-01
8.412786e-01
