4969
7.849286e-01
9.017505e-01
9.257451e-01
9.808889e-01
9.900244e-01
9.721089e-01
9.339342e-01
8.452569e-01
7.425436e-01
6.628608e-01
5.765080e-01
4.520348e-01
3.252887e-01
2.160995e-01
1.552995e-01
9.635552e-02
2.280203e-02
3.154753e-02
8.263074e-03
4.175787e-02
9.432086e-02
1.816122e-01
2.713497e-01
4.027099e-01
4.894779e-01
6.310978e-01
7.306184e-01
8.018249e-01
8.929866e-01
9.547123e-01
9.704371e-01
9.886462e-01
9.686530e-01
9.249688e-01
8.461052e-01
7.631149e-01
6.656005e-01
5.508013e-01
4.671610e-01
3.430676e-01
2.564775e-01
1.725621e-01
7.655485e-02
2.627952e-02
4.570196e-02
4.649475e-02
7.920736e-02
9.593336e-02
1.943697e-01
3.059443e-01
3.731176e-01
5.027166e-01
5.952280e-01
7.072545e-01
7.987733e-01
8.816368e-01
9.286437e-01
9.546509e-01
9.941925e-01
9.338207e-01
8.903945e-01
8.411997e-01
7.746597e-01
6.753255e-01
5.369303e-01
4.317989e-01
3.256087e-01
2.453461e-01
1.592486e-01
7.422215e-02
3.292713e-02
2.501133e-02
1.366943e-02
6.605430e-02
1.264754e-01
1.756989e-01
2.832678e-01
3.933540e-01
4.856584e-01
6.330642e-01
7.143302e-01
7.998779e-01
8.849566e-01
9.476048e-01
9.801468e-01
9.944609e-01
9.414318e-01
8.898218e-01
8.256818e-01
7.400620e-01
6.399205e-01
5.345933e-01
4.400509e-01
3.495036e-01
2.527341e-01
1.536296e-01
6.275499e-02
2.285619e-02
8.261163e-03
3.664405e-02
5.365062e-02
1.163726e-01
1.779828e-01
2.857941e-01
3.700982e-01
5.184842e-01
6.169196e-01
7.161532e-01
8.051849e-01
8.995089e-01
9.395087e-01
9.925292e-01
9.623627e-01
9.366557e-01
9.211656e-01
8.668345e-01
7.833092e-01
6.788754e-01
5.751734e-01
4.677802e-01
3.538608e-01
2.579092e-01
1.312667e-01
7.536412e-02
5.192618e-02
4.104125e-02
4.363412e-02
7.125350e-02
1.390819e-01
2.159776e-01
2.786163e-01
3.804038e-01
4.986211e-01
6.120257e-01
7.289851e-01
8.098212e-01
8.796856e-01
9.361961e-01
9.512335e-01
9.956018e-01
9.478954e-01
9.195288e-01
8.647010e-01
7.624507e-01
6.724624e-01
5.566284e-01
4.403193e-01
3.429400e-01
2.305640e-01
1.443859e-01
9.217260e-02
2.893809e-02
1.158015e-02
3.807977e-02
6.087454e-02
1.386910e-01
1.954484e-01
2.752274e-01
3.976157e-01
5.008012e-01
5.988765e-01
6.912641e-01
8.223070e-01
8.944285e-01
9.413363e-01
9.765511e-01
9.672255e-01
9.809672e-01
8.937787e-01
8.427842e-01
7.810065e-01
6.579520e-01
5.330748e-01
4.567415e-01
3.553262e-01
2.483526e-01
1.422632e-01
7.709792e-02
3.580581e-02
2.986750e-02
3.612424e-02
8.455078e-02
1.339901e-01
2.117871e-01
2.933493e-01
3.825359e-01
5.167491e-01
5.964691e-01
7.205505e-01
8.077115e-01
8.942013e-01
9.574736e-01
9.719899e-01
9.794839e-01
9.640924e-01
8.943576e-01
8.326052e-01
7.835107e-01
6.438477e-01
5.449009e-01
4.373289e-01
3.597777e-01
2.456682e-01
1.470521e-01
9.797165e-02
4.550770e-02
4.690033e-03
7.120293e-03
7.917794e-02
1.156803e-01
2.010701e-01
2.860210e-01
3.879023e-01
5.013312e-01
6.054796e-01
6.962836e-01
8.249690e-01
8.714044e-01
9.307993e-01
9.707786e-01
9.898468e-01
9.371909e-01
9.092836e-01
8.384068e-01
7.688677e-01
6.418988e-01
5.512814e-01
4.602621e-01
3.603329e-01
2.379445e-01
1.340562e-01
7.911429e-02
4.223551e-02
3.676483e-02
4.080687e-02
4.902434e-02
1.097019e-01
2.095793e-01
2.746183e-01
3.765511e-01
4.915305e-01
6.311151e-01
7.253592e-01
8.205346e-01
8.816221e-01
9.211302e-01
9.898325e-01
9.695669e-01
9.524801e-01
9.016632e-01
8.646707e-01
7.467647e-01
6.551320e-01
5.447162e-01
4.439607e-01
3.589231e-01
2.294303e-01
1.718905e-01
1.006377e-01
3.427664e-02
1.912021e-02
4.933432e-02
6.996325e-02
1.365402e-01
2.024265e-01
2.814889e-01
3.732358e-01
4.783993e-01
5.987396e-01
7.106413e-01
7.960524e-01
8.872010e-01
9.320478e-01
9.466707e-01
9.707115e-01
9.736153e-01
8.965875e-01
8.371140e-01
7.476198e-01
6.653456e-01
5.572942e-01
4.233245e-01
3.470337e-01
2.552415e-01
1.446891e-01
7.244681e-02
5.867799e-02
3.115981e-02
1.122246e-02
6.813285e-02
1.406209e-01
1.944253e-01
2.881860e-01
3.982555e-01
4.972364e-01
5.982840e-01
6.947764e-01
8.115741e-01
8.736143e-01
9.315625e-01
9.474745e-01
9.803975e-01
9.787088e-01
9.083089e-01
8.513935e-01
7.538582e-01
6.504471e-01
5.664980e-01
4.497613e-01
3.329903e-01
2.269037e-01
1.359487e-01
8.552241e-02
6.620588e-02
4.756413e-04
4.485192e-02
4.746986e-02
1.343380e-01
1.923391e-01
2.771664e-01
3.901421e-01
4.992310e-01
6.270182e-01
6.933601e-01
7.908332e-01
8.734305e-01
9.296907e-01
9.586237e-01
9.957355e-01
9.632504e-01
9.189729e-01
8.675353e-01
7.480855e-01
6.662047e-01
5.466061e-01
4.582682e-01
3.549863e-01
2.398685e-01
1.536594e-01
8.620015e-02
6.512723e-02
3.760355e-02
3.678933e-02
5.946686e-02
1.312388e-01
2.013474e-01
2.750375e-01
3.663799e-01
5.019563e-01
6.228033e-01
7.063334e-01
7.854452e-01
8.712100e-01
9.236430e-01
9.518195e-01
9.727742e-01
9.570190e-01
9.102968e-01
8.557231e-01
7.571922e-01
6.420699e-01
5.454579e-01
4.357616e-01
3.250790e-01
2.544779e-01
1.590161e-01
6.479958e-02
5.397760e-02
8.169951e-03
3.309943e-02
4.899492e-02
1.007264e-01
1.870304e-01
3.042581e-01
3.956197e-01
4.845401e-01
6.132770e-01
7.334444e-01
7.920219e-01
8.644090e-01
9.465390e-01
9.713695e-01
9.605852e-01
9.776945e-01
9.237992e-01
8.367300e-01
7.549063e-01
6.493410e-01
5.655438e-01
4.216635e-01
3.414566e-01
2.504291e-01
1.437697e-01
1.064258e-01
2.002135e-02
7.532897e-03
3.232718e-02
4.139326e-02
1.366950e-01
2.045795e-01
2.929666e-01
3.733611e-01
5.193320e-01
5.876684e-01
6.926513e-01
8.082984e-01
8.691394e-01
9.439748e-01
9.670019e-01
9.718923e-01
9.683294e-01
8.945723e-01
8.675870e-01
7.811073e-01
6.407896e-01
5.621480e-01
4.288713e-01
3.306194e-01
2.543043e-01
1.710634e-01
8.149049e-02
4.027435e-02
3.077772e-02
3.990062e-02
5.551732e-02
1.259835e-01
2.115161e-01
3.063184e-01
4.028032e-01
5.144820e-01
6.185694e-01
7.108018e-01
8.289450e-01
8.870771e-01
9.365168e-01
9.468554e-01
9.583513e-01
9.656017e-01
9.196168e-01
8.496783e-01
7.419316e-01
6.564689e-01
5.627677e-01
4.683078e-01
3.247445e-01
2.463727e-01
1.593490e-01
8.282343e-02
2.150558e-02
2.293866e-02
2.077206e-02
5.956825e-02
1.383975e-01
2.156324e-01
2.701877e-01
3.815861e-01
5.078868e-01
5.893752e-01
7.029365e-01
8.040367e-01
9.007881e-01
9.595524e-01
9.878530e-01
9.927087e-01
9.588199e-01
9.054011e-01
8.638895e-01
7.693640e-01
6.395256e-01
5.542681e-01
4.300764e-01
3.163806e-01
2.535524e-01
1.694924e-01
6.614088e-02
2.281025e-02
2.515035e-02
4.013032e-02
6.220600e-02
1.218402e-01
1.793964e-01
3.014520e-01
3.690797e-01
4.840648e-01
6.247558e-01
7.020546e-01
8.067527e-01
8.818184e-01
9.294763e-01
9.827036e-01
9.965860e-01
9.424547e-01
9.232873e-01
8.610090e-01
7.396012e-01
6.506300e-01
5.371719e-01
4.622799e-01
3.549174e-01
2.195128e-01
1.454412e-01
6.644623e-02
2.816188e-02
8.278833e-03
5.057906e-02
5.087509e-02
1.062736e-01
1.920568e-01
2.617242e-01
4.039060e-01
4.801680e-01
5.965472e-01
7.203901e-01
7.903496e-01
8.775429e-01
9.354373e-01
9.654184e-01
9.950268e-01
9.772012e-01
9.236813e-01
8.543001e-01
7.782248e-01
6.824140e-01
5.483493e-01
4.502679e-01
3.569386e-01
2.417946e-01
1.640881e-01
1.006710e-01
4.122540e-02
4.064130e-02
1.299752e-02
6.424390e-02
9.623255e-02
1.853589e-01
2.855417e-01
3.825340e-01
5.056586e-01
6.330252e-01
7.070454e-01
8.029114e-01
8.623689e-01
9.416391e-01
9.485605e-01
9.634495e-01
9.791277e-01
9.127844e-01
8.531932e-01
7.785917e-01
6.585084e-01
5.476363e-01
4.439259e-01
3.239015e-01
2.251105e-01
1.689236e-01
1.033770e-01
2.656246e-02
2.000368e-02
3.435037e-02
8.380575e-02
1.364133e-01
1.913191e-01
2.675220e-01
3.883285e-01
5.015777e-01
6.083075e-01
7.366574e-01
8.252136e-01
8.631419e-01
9.599740e-01
9.575181e-01
9.767843e-01
9.345332e-01
9.279439e-01
8.496699e-01
7.501755e-01
6.755942e-01
5.332162e-01
4.621579e-01
3.413541e-01
2.345399e-01
1.386874e-01
6.673247e-02
5.070986e-02
2.083844e-02
5.029649e-02
6.290404e-02
1.225853e-01
1.866273e-01
2.679732e-01
3.940623e-01
4.893116e-01
6.147189e-01
7.243714e-01
8.187419e-01
8.654723e-01
9.229703e-01
9.806587e-01
9.536618e-01
9.460577e-01
9.216639e-01
8.355051e-01
7.750347e-01
6.724751e-01
5.342108e-01
4.357387e-01
3.575740e-01
2.526203e-01
1.456032e-01
1.011844e-01
3.848779e-02
3.718350e-02
6.756876e-03
6.179259e-02
1.153227e-01
1.916779e-01
2.828079e-01
3.658980e-01
4.805341e-01
6.248618e-01
6.966583e-01
8.156983e-01
8.633491e-01
9.494238e-01
9.653289e-01
9.928219e-01
9.748415e-01
9.170858e-01
8.500505e-01
7.806960e-01
6.794214e-01
5.424763e-01
4.272352e-01
3.416244e-01
2.577668e-01
1.380943e-01
1.065706e-01
5.985416e-02
0.000000e+00
1.905908e-02
6.985571e-02
1.136722e-01
1.725700e-01
2.950867e-01
4.108911e-01
5.019188e-01
5.944361e-01
7.087310e-01
8.089188e-01
8.719012e-01
9.238842e-01
9.785914e-01
9.983305e-01
9.471787e-01
9.090465e-01
8.402294e-01
7.444384e-01
6.524109e-01
5.758322e-01
4.532781e-01
3.202753e-01
2.503138e-01
1.724028e-01
7.671803e-02
3.645151e-02
3.945483e-02
2.945280e-02
5.183936e-02
1.267383e-01
1.935352e-01
2.893724e-01
3.842653e-01
5.212334e-01
6.173691e-01
6.943840e-01
8.254713e-01
8.684637e-01
9.268667e-01
9.594614e-01
9.881133e-01
9.587133e-01
9.121322e-01
8.432748e-01
7.614814e-01
6.755889e-01
5.708383e-01
4.604999e-01
3.549507e-01
2.183094e-01
1.652253e-01
8.968131e-02
3.085312e-02
2.482437e-02
2.896942e-02
6.414348e-02
1.364604e-01
1.847516e-01
2.643151e-01
3.759710e-01
4.777609e-01
6.132768e-01
7.281306e-01
8.031282e-01
8.836860e-01
9.357911e-01
9.705264e-01
9.721332e-01
9.642002e-01
9.261797e-01
8.559198e-01
7.567512e-01
6.534158e-01
5.388138e-01
4.588151e-01
3.498206e-01
2.572180e-01
1.585466e-01
9.177303e-02
5.668207e-02
3.389641e-02
2.388364e-02
5.518050e-02
1.399341e-01
2.127905e-01
3.026239e-01
3.917488e-01
5.155219e-01
5.950470e-01
7.188510e-01
7.848396e-01
8.697388e-01
9.224192e-01
9.859843e-01
9.835980e-01
9.660508e-01
9.028069e-01
8.306944e-01
7.426215e-01
6.832850e-01
5.753911e-01
4.573305e-01
3.272045e-01
2.238671e-01
1.727926e-01
6.747206e-02
6.595617e-02
3.929590e-02
4.065916e-02
6.654637e-02
1.234073e-01
1.908830e-01
3.089039e-01
3.662591e-01
4.970879e-01
6.293659e-01
7.316701e-01
8.299386e-01
8.940636e-01
9.170085e-01
9.740487e-01
9.896343e-01
9.466927e-01
9.252545e-01
8.521886e-01
7.824834e-01
6.598280e-01
5.735125e-01
4.242118e-01
3.373730e-01
2.518577e-01
1.762513e-01
7.615595e-02
2.357562e-02
9.403467e-03
1.583370e-02
4.762000e-02
1.027891e-01
1.714572e-01
3.067531e-01
4.047619e-01
5.088906e-01
6.053075e-01
7.286977e-01
8.162516e-01
8.993264e-01
9.483550e-01
9.731808e-01
9.922407e-01
9.546089e-01
9.189758e-01
8.428595e-01
7.486806e-01
6.819465e-01
5.388759e-01
4.596584e-01
3.515982e-01
2.415192e-01
1.620642e-01
1.050177e-01
2.340561e-02
2.320714e-02
4.815424e-02
5.613389e-02
1.219673e-01
1.738852e-01
2.904417e-01
4.050137e-01
4.907004e-01
6.173255e-01
7.267988e-01
7.888090e-01
8.753918e-01
9.223976e-01
9.905211e-01
9.546192e-01
9.339143e-01
9.199075e-01
8.521252e-01
7.783478e-01
6.430392e-01
5.418629e-01
4.322414e-01
3.266433e-01
2.188696e-01
1.477656e-01
6.775419e-02
6.273637e-02
4.632527e-02
4.445880e-02
7.657128e-02
9.716024e-02
1.839933e-01
2.954443e-01
3.887205e-01
5.199867e-01
6.247561e-01
6.941942e-01
8.183471e-01
8.646323e-01
9.495663e-01
9.704049e-01
9.641723e-01
9.371484e-01
9.215891e-01
8.312633e-01
7.439603e-01
6.717814e-01
5.696878e-01
4.548747e-01
3.372975e-01
2.555424e-01
1.733860e-01
9.874648e-02
2.669914e-02
1.541059e-03
1.339723e-02
5.102566e-02
1.394618e-01
1.760500e-01
2.662032e-01
4.037043e-01
4.872363e-01
6.056232e-01
7.141806e-01
8.170588e-01
8.747856e-01
9.292281e-01
9.842671e-01
9.561086e-01
9.538059e-01
9.148649e-01
8.508387e-01
7.701709e-01
6.682912e-01
5.431897e-01
4.602234e-01
3.471751e-01
2.577864e-01
1.588045e-01
8.350222e-02
3.959728e-02
2.363226e-02
2.377352e-02
4.716093e-02
1.255159e-01
1.893969e-01
2.790322e-01
4.119679e-01
4.951296e-01
6.105089e-01
6.932032e-01
7.921806e-01
8.946762e-01
9.368728e-01
9.793755e-01
9.747108e-01
9.716040e-01
8.896349e-01
8.355480e-01
7.799052e-01
6.597187e-01
5.689299e-01
4.417779e-01
3.170579e-01
2.322813e-01
1.616160e-01
1.064890e-01
2.396974e-02
2.868766e-02
3.217880e-02
6.404434e-02
9.571431e-02
1.721385e-01
3.062917e-01
3.783016e-01
5.116804e-01
6.033601e-01
7.201211e-01
8.169951e-01
8.954207e-01
9.209213e-01
9.832126e-01
9.983324e-01
9.755430e-01
9.011168e-01
8.542776e-01
7.546913e-01
6.412435e-01
5.624295e-01
4.490285e-01
3.560722e-01
2.172085e-01
1.468517e-01
7.930254e-02
2.653491e-02
3.617338e-02
7.803669e-03
4.184106e-02
1.353276e-01
2.005740e-01
2.924938e-01
3.870432e-01
5.103144e-01
6.200588e-01
7.083670e-01
8.297179e-01
8.809150e-01
9.497737e-01
9.750981e-01
9.608859e-01
9.573847e-01
9.248061e-01
8.684235e-01
7.601545e-01
6.688719e-01
5.403021e-01
4.254661e-01
3.584866e-01
2.243610e-01
1.645441e-01
8.896756e-02
2.494648e-02
3.879299e-02
5.045967e-02
6.082134e-02
1.405124e-01
2.029604e-01
2.870991e-01
3.700247e-01
5.045590e-01
5.953445e-01
7.253056e-01
7.849490e-01
9.025899e-01
9.356559e-01
9.663302e-01
9.952837e-01
9.765164e-01
8.971354e-01
8.469518e-01
7.418398e-01
6.707980e-01
5.425196e-01
4.212973e-01
3.181207e-01
2.542068e-01
1.382478e-01
7.279451e-02
5.720680e-02
1.964933e-02
5.197905e-02
5.499154e-02
1.197801e-01
2.070994e-01
2.761700e-01
3.682727e-01
5.138827e-01
5.868019e-01
7.181589e-01
8.250093e-01
8.882919e-01
9.515501e-01
9.755741e-01
9.839719e-01
9.663302e-01
8.922614e-01
8.268721e-01
7.660514e-01
6.850556e-01
5.425244e-01
4.240372e-01
3.140637e-01
2.561378e-01
1.432053e-01
6.456869e-02
1.877159e-02
6.697182e-03
1.745690e-02
4.813867e-02
1.390886e-01
2.011886e-01
2.708365e-01
3.817514e-01
4.872397e-01
6.333626e-01
7.207085e-01
7.966143e-01
8.964211e-01
9.455570e-01
9.877876e-01
9.844060e-01
9.460392e-01
9.203690e-01
8.365504e-01
7.822038e-01
6.552220e-01
5.473287e-01
4.678650e-01
3.561969e-01
2.274446e-01
1.392827e-01
1.094418e-01
3.377684e-02
4.705792e-03
1.953233e-02
5.491785e-02
9.866200e-02
1.903122e-01
2.908487e-01
3.822271e-01
4.956717e-01
5.997088e-01
7.158507e-01
8.185250e-01
8.838794e-01
9.395047e-01
9.644927e-01
9.912245e-01
9.481161e-01
8.910812e-01
8.555823e-01
7.847150e-01
6.533983e-01
5.467131e-01
4.322994e-01
3.227704e-01
2.447505e-01
1.562765e-01
7.208788e-02
4.546075e-02
4.076155e-02
2.601099e-02
6.371970e-02
1.019678e-01
1.947992e-01
3.017259e-01
3.923120e-01
5.074873e-01
5.997096e-01
6.981927e-01
7.830611e-01
8.923122e-01
9.359481e-01
9.719261e-01
9.738131e-01
9.797728e-01
8.924622e-01
8.626310e-01
7.754353e-01
6.568562e-01
5.722291e-01
4.420516e-01
3.287395e-01
2.206877e-01
1.654130e-01
9.024658e-02
3.572653e-02
1.944876e-02
1.340821e-02
6.438674e-02
1.400941e-01
1.704973e-01
3.088717e-01
3.914850e-01
4.864912e-01
6.113424e-01
7.082429e-01
8.199051e-01
8.680054e-01
9.459990e-01
9.911123e-01
9.617976e-01
9.505016e-01
9.080915e-01
8.580488e-01
7.765074e-01
6.563873e-01
5.690280e-01
4.501724e-01
3.189909e-01
2.209445e-01
1.512948e-01
9.025002e-02
4.195247e-02
2.902291e-02
2.254841e-02
4.101623e-02
1.399339e-01
2.060798e-01
2.728986e-01
3.919919e-01
5.124447e-01
5.988225e-01
7.158956e-01
7.972765e-01
8.822446e-01
9.175294e-01
9.785336e-01
9.651256e-01
9.454803e-01
9.055641e-01
8.328076e-01
7.594705e-01
6.723437e-01
5.594162e-01
4.285534e-01
3.360193e-01
2.586188e-01
1.742298e-01
6.764421e-02
2.212305e-02
4.459376e-03
3.357946e-02
6.894540e-02
1.215965e-01
1.789297e-01
2.622126e-01
3.980391e-01
4.851346e-01
6.237189e-01
7.337248e-01
8.182284e-01
8.853394e-01
9.228388e-01
9.593831e-01
9.933468e-01
9.650289e-01
9.056991e-01
8.484506e-01
7.823471e-01
6.674573e-01
5.725317e-01
4.261888e-01
3.140961e-01
2.399355e-01
1.622534e-01
7.185708e-02
2.046833e-02
3.015742e-02
1.297221e-02
4.468478e-02
1.274650e-01
1.815142e-01
2.967381e-01
3.840816e-01
5.171367e-01
6.310945e-01
7.090814e-01
8.085225e-01
8.654048e-01
9.230917e-01
9.675064e-01
9.943644e-01
9.683766e-01
9.191317e-01
8.303174e-01
7.661610e-01
6.526834e-01
5.545334e-01
4.256457e-01
3.221988e-01
2.170509e-01
1.748257e-01
7.759519e-02
2.341550e-02
2.404653e-02
6.733954e-03
5.184490e-02
1.196992e-01
2.009738e-01
2.832910e-01
3.998104e-01
4.947097e-01
6.202318e-01
7.115806e-01
8.198932e-01
8.865442e-01
9.329665e-01
9.542337e-01
9.580426e-01
9.583168e-01
9.061120e-01
8.498741e-01
7.571185e-01
6.430113e-01
5.397677e-01
4.462251e-01
3.440958e-01
2.352665e-01
1.296518e-01
9.894910e-02
4.973374e-02
3.743049e-03
4.066012e-02
8.390126e-02
1.023431e-01
1.810340e-01
3.091090e-01
3.896144e-01
5.147594e-01
6.177543e-01
7.356925e-01
8.079165e-01
8.616398e-01
9.462157e-01
9.925115e-01
9.922641e-01
9.449503e-01
9.065093e-01
8.708228e-01
7.551856e-01
6.811040e-01
5.476966e-01
4.638489e-01
3.253908e-01
2.335233e-01
1.325099e-01
1.008235e-01
2.213260e-02
2.481673e-02
4.511572e-02
7.765389e-02
1.019798e-01
2.129414e-01
2.890327e-01
3.735523e-01
4.815553e-01
6.254934e-01
6.976933e-01
8.122716e-01
8.894285e-01
9.534942e-01
9.732233e-01
9.603209e-01
9.750794e-01
9.004704e-01
8.294023e-01
7.717810e-01
6.616987e-01
5.544285e-01
4.536378e-01
3.518077e-01
2.305927e-01
1.302277e-01
9.710900e-02
4.825195e-02
2.079116e-02
4.425933e-02
5.789266e-02
1.181084e-01
1.854034e-01
2.737272e-01
3.834335e-01
5.014093e-01
5.943400e-01
7.352534e-01
8.160635e-01
8.728263e-01
9.510382e-01
9.867713e-01
9.958291e-01
9.526571e-01
9.212967e-01
8.456222e-01
7.651706e-01
6.648990e-01
5.646096e-01
4.533621e-01
3.238482e-01
2.213684e-01
1.366838e-01
1.066936e-01
6.544452e-02
2.431687e-02
5.156171e-02
7.137069e-02
9.999819e-02
1.886805e-01
2.863488e-01
3.933172e-01
5.208149e-01
6.271789e-01
7.298316e-01
7.975951e-01
8.777640e-01
9.622181e-01
9.581077e-01
9.568034e-01
9.472347e-01
8.901773e-01
8.678997e-01
7.475011e-01
6.591123e-01
5.599583e-01
4.519125e-01
3.592064e-01
2.199174e-01
1.454152e-01
9.402096e-02
3.603408e-02
2.382404e-02
4.534523e-02
5.154486e-02
1.166979e-01
1.859895e-01
2.738253e-01
3.757399e-01
5.000138e-01
6.179324e-01
7.248758e-01
7.866777e-01
8.879231e-01
9.423461e-01
9.895235e-01
9.962493e-01
9.800555e-01
9.327732e-01
8.309269e-01
7.412965e-01
6.485306e-01
5.396211e-01
4.679853e-01
3.309552e-01
2.415487e-01
1.568368e-01
6.432007e-02
4.526844e-02
3.379465e-02
2.437576e-02
4.810658e-02
9.725804e-02
2.122823e-01
2.641706e-01
3.842293e-01
4.952512e-01
6.055867e-01
7.208418e-01
8.120930e-01
9.025314e-01
9.290656e-01
9.622280e-01
9.999403e-01
9.769341e-01
9.333607e-01
8.660338e-01
7.776208e-01
6.819391e-01
5.695687e-01
4.673368e-01
3.581590e-01
2.609147e-01
1.358512e-01
1.075967e-01
3.638322e-02
3.444035e-02
3.131888e-02
5.727562e-02
1.071382e-01
1.814409e-01
3.001253e-01
3.906712e-01
4.927250e-01
6.200791e-01
7.176289e-01
8.180562e-01
8.645061e-01
9.612621e-01
9.641571e-01
9.873301e-01
9.759838e-01
9.220093e-01
8.261281e-01
7.803615e-01
6.674661e-01
5.780058e-01
4.574293e-01
3.322552e-01
2.550050e-01
1.558913e-01
8.104450e-02
5.767733e-02
2.609126e-02
3.153612e-02
7.409126e-02
1.376589e-01
1.823039e-01
2.761289e-01
3.826059e-01
5.034681e-01
6.129964e-01
6.977631e-01
7.874860e-01
9.026524e-01
9.558889e-01
9.781291e-01
9.836845e-01
9.803406e-01
9.204227e-01
8.244116e-01
7.721081e-01
6.649293e-01
5.649378e-01
4.570254e-01
3.324591e-01
2.274641e-01
1.639244e-01
7.134094e-02
5.198778e-02
2.821470e-02
4.187267e-02
4.184946e-02
1.133214e-01
1.842913e-01
2.918595e-01
3.750839e-01
4.882212e-01
6.295900e-01
7.140000e-01
8.119289e-01
8.822338e-01
9.172878e-01
9.827064e-01
9.804510e-01
9.798855e-01
9.196267e-01
8.351500e-01
7.680077e-01
6.684899e-01
5.740897e-01
4.512085e-01
3.277663e-01
2.340792e-01
1.450395e-01
6.624422e-02
5.880679e-02
2.954396e-02
4.480909e-02
3.896491e-02
1.089611e-01
1.893512e-01
2.993115e-01
3.862369e-01
5.166986e-01
5.912743e-01
6.931284e-01
7.851293e-01
8.764263e-01
9.607649e-01
9.721436e-01
9.990864e-01
9.551891e-01
9.182180e-01
8.583626e-01
7.400775e-01
6.666265e-01
5.487511e-01
4.340167e-01
3.218025e-01
2.600563e-01
1.369996e-01
1.022185e-01
3.233601e-02
2.811914e-02
1.414317e-02
5.515257e-02
1.143553e-01
2.077698e-01
2.706804e-01
3.887466e-01
4.830018e-01
6.154582e-01
7.030901e-01
8.103406e-01
8.813327e-01
9.324109e-01
9.764833e-01
9.771930e-01
9.687828e-01
9.182797e-01
8.259065e-01
7.723066e-01
6.419915e-01
5.626415e-01
4.417032e-01
3.169925e-01
2.243281e-01
1.671027e-01
8.021676e-02
3.839906e-02
3.644425e-02
3.185679e-02
4.943479e-02
9.620958e-02
1.763033e-01
2.820520e-01
3.867885e-01
5.046847e-01
5.974933e-01
7.202561e-01
7.867781e-01
8.774260e-01
9.260058e-01
9.628825e-01
9.984976e-01
9.672839e-01
9.240801e-01
8.515508e-01
7.489144e-01
6.613856e-01
5.405923e-01
4.336101e-01
3.208605e-01
2.253992e-01
1.729000e-01
9.177131e-02
3.466021e-02
6.513325e-03
2.575932e-02
7.144930e-02
1.200969e-01
1.785310e-01
2.740249e-01
4.049581e-01
4.887666e-01
6.057548e-01
7.020421e-01
8.166570e-01
8.596153e-01
9.375819e-01
9.621723e-01
9.571245e-01
9.749534e-01
9.169646e-01
8.443321e-01
7.778885e-01
6.527714e-01
5.391740e-01
4.404733e-01
3.366092e-01
2.433750e-01
1.577141e-01
9.942689e-02
5.650399e-02
4.015363e-02
3.921214e-02
5.709248e-02
1.022432e-01
2.098080e-01
3.013257e-01
4.091189e-01
4.961758e-01
5.875281e-01
6.981758e-01
7.944807e-01
8.732256e-01
9.419772e-01
9.695371e-01
9.528586e-01
9.615380e-01
9.359056e-01
8.393560e-01
7.708551e-01
6.793818e-01
5.748377e-01
4.262213e-01
3.444386e-01
2.226692e-01
1.420437e-01
6.636433e-02
5.154686e-02
4.245910e-02
3.871882e-02
5.979098e-02
1.263924e-01
1.951998e-01
2.697219e-01
3.711561e-01
5.114691e-01
5.872013e-01
7.352690e-01
8.139347e-01
8.803081e-01
9.608437e-01
9.851247e-01
9.855197e-01
9.462596e-01
9.081333e-01
8.316269e-01
7.513110e-01
6.859492e-01
5.382943e-01
4.494561e-01
3.439727e-01
2.604914e-01
1.531871e-01
9.940158e-02
4.944325e-02
3.289666e-02
8.330408e-03
7.237995e-02
1.118729e-01
2.148722e-01
2.818175e-01
4.070903e-01
5.075355e-01
6.324440e-01
6.918441e-01
8.197936e-01
8.930889e-01
9.170920e-01
9.803215e-01
9.699994e-01
9.573456e-01
9.221968e-01
8.316942e-01
7.473030e-01
6.847344e-01
5.583445e-01
4.377190e-01
3.232136e-01
2.393539e-01
1.526617e-01
1.018774e-01
2.783996e-02
2.243833e-02
2.194970e-02
8.381382e-02
9.931094e-02
1.711737e-01
2.628632e-01
4.071173e-01
4.970727e-01
6.331619e-01
7.039668e-01
7.975097e-01
8.898732e-01
9.267022e-01
9.623681e-01
9.726427e-01
9.797365e-01
9.082467e-01
8.295343e-01
7.541735e-01
6.818702e-01
5.702481e-01
4.446569e-01
3.163415e-01
2.500427e-01
1.318947e-01
8.326808e-02
6.552475e-02
2.828900e-02
5.057022e-02
7.621927e-02
1.313134e-01
1.893359e-01
2.688877e-01
4.027985e-01
5.026729e-01
5.954881e-01
7.284488e-01
8.031370e-01
8.894917e-01
9.519022e-01
9.801181e-01
9.977326e-01
9.539658e-01
9.356069e-01
8.366705e-01
7.788012e-01
6.838662e-01
5.634342e-01
4.671247e-01
3.252081e-01
2.403646e-01
1.662660e-01
9.907259e-02
4.897458e-02
2.559389e-02
4.560770e-02
4.105988e-02
1.185480e-01
1.902241e-01
2.623488e-01
3.824385e-01
4.878084e-01
6.071114e-01
7.141134e-01
7.839537e-01
9.067152e-01
9.476480e-01
9.854170e-01
9.728281e-01
9.493301e-01
9.183505e-01
8.295162e-01
7.515001e-01
6.408391e-01
5.358849e-01
4.469598e-01
3.545637e-01
2.148113e-01
1.392873e-01
1.031409e-01
3.228783e-02
3.669229e-02
3.629215e-02
4.017760e-02
1.130962e-01
1.782134e-01
3.042592e-01
3.895825e-01
5.107875e-01
6.021548e-01
7.147185e-01
7.865727e-01
8.868941e-01
9.598764e-01
9.737004e-01
9.815789e-01
9.787819e-01
9.023799e-01
8.435657e-01
7.560476e-01
6.679879e-01
5.326781e-01
4.443529e-01
3.544114e-01
2.163325e-01
1.568862e-01
8.282362e-02
6.316473e-02
2.873790e-02
3.675131e-02
7.512277e-02
1.362102e-01
1.897710e-01
2.821337e-01
4.118142e-01
5.168933e-01
6.157737e-01
7.311055e-01
7.998225e-01
8.757369e-01
9.235516e-01
9.875550e-01
9.730407e-01
9.703912e-01
9.284630e-01
8.710662e-01
7.564076e-01
6.757678e-01
5.442079e-01
4.587625e-01
3.189837e-01
2.550112e-01
1.680889e-01
9.254418e-02
5.393586e-02
4.146183e-02
1.631555e-02
4.557670e-02
1.320559e-01
2.091361e-01
3.008020e-01
3.948499e-01
5.116173e-01
5.982444e-01
6.920156e-01
8.167782e-01
8.643134e-01
9.458358e-01
9.731428e-01
9.748669e-01
9.337631e-01
9.254810e-01
8.389921e-01
7.589965e-01
6.643949e-01
5.382170e-01
4.410967e-01
3.557259e-01
2.568001e-01
1.619530e-01
9.594081e-02
2.029689e-02
2.624948e-02
3.091501e-02
6.941364e-02
1.076147e-01
1.887042e-01
3.042032e-01
3.886178e-01
4.870310e-01
6.210108e-01
7.044517e-01
8.229828e-01
8.818038e-01
9.407427e-01
9.880125e-01
9.615579e-01
9.650016e-01
9.148799e-01
8.590258e-01
7.443060e-01
6.649209e-01
5.552687e-01
4.420873e-01
3.588409e-01
2.147238e-01
1.569526e-01
8.139010e-02
6.271818e-02
2.303799e-02
1.022820e-02
6.747616e-02
1.185196e-01
2.005604e-01
2.691100e-01
3.756045e-01
5.222012e-01
6.132408e-01
6.948397e-01
8.041657e-01
8.972027e-01
9.538970e-01
9.816319e-01
9.831615e-01
9.478912e-01
9.034058e-01
8.477441e-01
7.616418e-01
6.846854e-01
5.333858e-01
4.317017e-01
3.161596e-01
2.411221e-01
1.636187e-01
8.745453e-02
4.447633e-02
3.538294e-02
1.129266e-02
8.243876e-02
1.255304e-01
1.984130e-01
2.633860e-01
3.806779e-01
4.832035e-01
6.193730e-01
7.125750e-01
7.999099e-01
8.907500e-01
9.161071e-01
9.677638e-01
9.578915e-01
9.732554e-01
9.026923e-01
8.638484e-01
7.608544e-01
6.668615e-01
5.380161e-01
4.673877e-01
3.156716e-01
2.177617e-01
1.296667e-01
7.658087e-02
2.618978e-02
2.782927e-02
7.084954e-03
7.021664e-02
9.973496e-02
2.065504e-01
2.999830e-01
3.698450e-01
4.983517e-01
6.060675e-01
6.960181e-01
8.201315e-01
8.862020e-01
9.534376e-01
9.579656e-01
9.968429e-01
9.563779e-01
9.028593e-01
8.411767e-01
7.664622e-01
6.446375e-01
5.623860e-01
4.413446e-01
3.404153e-01
2.243076e-01
1.560091e-01
8.925543e-02
3.224767e-02
3.081119e-02
3.356261e-02
6.540092e-02
1.321854e-01
1.777192e-01
2.909598e-01
3.900734e-01
4.914803e-01
6.051816e-01
7.050885e-01
8.024271e-01
9.004643e-01
9.492025e-01
9.714595e-01
9.835718e-01
9.475948e-01
9.059286e-01
8.658623e-01
7.488752e-01
6.785844e-01
5.394835e-01
4.488411e-01
3.322149e-01
2.269363e-01
1.401203e-01
1.027671e-01
5.962016e-02
2.146833e-02
2.566152e-02
5.769276e-02
1.289005e-01
1.728001e-01
2.619742e-01
3.819727e-01
5.190116e-01
5.951200e-01
7.357196e-01
8.024317e-01
8.835312e-01
9.311926e-01
9.805345e-01
9.966891e-01
9.438471e-01
9.107684e-01
8.447188e-01
7.796114e-01
6.746411e-01
5.691643e-01
4.565078e-01
3.584398e-01
2.428089e-01
1.726397e-01
8.873332e-02
1.953711e-02
8.861446e-03
4.349401e-02
7.887656e-02
9.591077e-02
1.812897e-01
2.752568e-01
3.890300e-01
4.764612e-01
6.034835e-01
7.137913e-01
7.995358e-01
8.716709e-01
9.469578e-01
9.605144e-01
9.848334e-01
9.426793e-01
9.204935e-01
8.419380e-01
7.438061e-01
6.806186e-01
5.712234e-01
4.473141e-01
3.473983e-01
2.409247e-01
1.453716e-01
8.535861e-02
4.387781e-02
4.522093e-02
2.488354e-02
4.142831e-02
1.399426e-01
1.978274e-01
3.033963e-01
4.064904e-01
5.077642e-01
5.923575e-01
6.967792e-01
7.901409e-01
8.657496e-01
9.383092e-01
9.769465e-01
9.760163e-01
9.699256e-01
9.049357e-01
8.608559e-01
7.591967e-01
6.638929e-01
5.521113e-01
4.599239e-01
3.426225e-01
2.277902e-01
1.600406e-01
7.138898e-02
1.970186e-02
1.025064e-02
3.140106e-02
6.163275e-02
1.293129e-01
1.929494e-01
3.049902e-01
4.061676e-01
4.991628e-01
6.104891e-01
7.245959e-01
7.989999e-01
8.674291e-01
9.549999e-01
9.687933e-01
9.683010e-01
9.806950e-01
9.358891e-01
8.695727e-01
7.611488e-01
6.743375e-01
5.452702e-01
4.330388e-01
3.207025e-01
2.519784e-01
1.617985e-01
1.098341e-01
3.911424e-02
4.662904e-02
3.675991e-02
6.707555e-02
9.376022e-02
2.110930e-01
2.691953e-01
3.908194e-01
5.066768e-01
6.175713e-01
7.108416e-01
8.061912e-01
8.659099e-01
9.593773e-01
9.560462e-01
9.756409e-01
9.389967e-01
8.920775e-01
8.687593e-01
7.594905e-01
6.412952e-01
5.754103e-01
4.400971e-01
3.373675e-01
2.448080e-01
1.620157e-01
9.961395e-02
5.777905e-02
2.327939e-02
2.829774e-02
7.643030e-02
1.375781e-01
1.912542e-01
2.839090e-01
3.923249e-01
4.990405e-01
6.026735e-01
7.243074e-01
7.832067e-01
9.062812e-01
9.321702e-01
9.670626e-01
9.754482e-01
9.580256e-01
9.074712e-01
8.558195e-01
7.858591e-01
6.627458e-01
5.664139e-01
4.656525e-01
3.571597e-01
2.505245e-01
1.699561e-01
7.870932e-02
3.240540e-02
2.404940e-02
7.610261e-03
4.083653e-02
1.092578e-01
1.949723e-01
2.876083e-01
3.733594e-01
4.988213e-01
5.865339e-01
7.200555e-01
7.844930e-01
8.825054e-01
9.607755e-01
9.818148e-01
9.764430e-01
9.792470e-01
8.950163e-01
8.678307e-01
7.591328e-01
6.693198e-01
5.460638e-01
4.259863e-01
3.423473e-01
2.516250e-01
1.690487e-01
8.945222e-02
5.329809e-02
2.885848e-02
2.629365e-02
4.082459e-02
1.364484e-01
2.144256e-01
2.669089e-01
4.127114e-01
4.899543e-01
6.173078e-01
7.153516e-01
8.044156e-01
8.653048e-01
9.399320e-01
9.497303e-01
9.605288e-01
9.346277e-01
8.915373e-01
8.666687e-01
7.632635e-01
6.870623e-01
5.324468e-01
4.421283e-01
3.333634e-01
2.445819e-01
1.648405e-01
8.855734e-02
3.144252e-02
2.575072e-02
2.449132e-02
7.746707e-02
1.064781e-01
1.696772e-01
2.744795e-01
3.827292e-01
5.201517e-01
5.965765e-01
7.124252e-01
8.262097e-01
8.834618e-01
9.200243e-01
9.668204e-01
9.986084e-01
9.452747e-01
9.355391e-01
8.249087e-01
7.579962e-01
6.864448e-01
5.349629e-01
4.356989e-01
3.368766e-01
2.170854e-01
1.447940e-01
1.082125e-01
4.271722e-02
4.641638e-02
3.993816e-02
4.009179e-02
1.052883e-01
1.820163e-01
2.830570e-01
3.704266e-01
5.025205e-01
6.081608e-01
7.076932e-01
8.263515e-01
8.774882e-01
9.423163e-01
9.640358e-01
9.666738e-01
9.379684e-01
9.128467e-01
8.578194e-01
7.410144e-01
6.743993e-01
5.641204e-01
4.247123e-01
3.195638e-01
2.456253e-01
1.363236e-01
8.447026e-02
2.701523e-02
1.044930e-02
4.390480e-02
4.404486e-02
1.283511e-01
2.066486e-01
3.024570e-01
4.038693e-01
4.782078e-01
5.921447e-01
7.019582e-01
7.897362e-01
8.915961e-01
9.481657e-01
9.704437e-01
9.809237e-01
9.378442e-01
8.937915e-01
8.692845e-01
7.567107e-01
6.480379e-01
5.528930e-01
4.255642e-01
3.239758e-01
2.223525e-01
1.663330e-01
7.789562e-02
3.418481e-02
2.124340e-02
2.885963e-02
7.522740e-02
1.234433e-01
2.033915e-01
2.898510e-01
4.029145e-01
4.980135e-01
6.041710e-01
7.204035e-01
7.952295e-01
8.793097e-01
9.505947e-01
9.702021e-01
9.797771e-01
9.543812e-01
8.993991e-01
8.267906e-01
7.397422e-01
6.535212e-01
5.390992e-01
4.678159e-01
3.451555e-01
2.299524e-01
1.496022e-01
9.992727e-02
4.619661e-02
2.899511e-02
3.314551e-02
8.066456e-02
1.383644e-01
1.707164e-01
2.802430e-01
4.012631e-01
5.081858e-01
5.913059e-01
7.061461e-01
8.044470e-01
8.862504e-01
9.483636e-01
9.501096e-01
9.922111e-01
9.398637e-01
9.294910e-01
8.389830e-01
7.718333e-01
6.523949e-01
5.568991e-01
4.574131e-01
3.270606e-01
2.532357e-01
1.731607e-01
7.632892e-02
4.290452e-02
1.239819e-02
4.057158e-02
5.164896e-02
1.337794e-01
1.858941e-01
3.032684e-01
4.021152e-01
4.905295e-01
6.294114e-01
6.973902e-01
7.851393e-01
8.867729e-01
9.267427e-01
9.642997e-01
9.541958e-01
9.729385e-01
8.936948e-01
8.286305e-01
7.695870e-01
6.498364e-01
5.766385e-01
4.673592e-01
3.565931e-01
2.240936e-01
1.531516e-01
9.545868e-02
4.342261e-02
1.567276e-02
3.550466e-02
7.632390e-02
1.337616e-01
2.119855e-01
2.876142e-01
3.730818e-01
5.120358e-01
6.289349e-01
6.913822e-01
8.074978e-01
8.686402e-01
9.588401e-01
9.779023e-01
9.645105e-01
9.578034e-01
9.334315e-01
8.531353e-01
7.641919e-01
6.748928e-01
5.653471e-01
4.516116e-01
3.316482e-01
2.579988e-01
1.571434e-01
8.045988e-02
5.910521e-02
3.827733e-02
4.825190e-02
6.338106e-02
1.091293e-01
1.802518e-01
2.696045e-01
3.731245e-01
4.802843e-01
5.892614e-01
7.235259e-01
7.944679e-01
8.982282e-01
9.427522e-01
9.588644e-01
9.687018e-01
9.713378e-01
8.987359e-01
8.709292e-01
7.402859e-01
6.728172e-01
5.751225e-01
4.522104e-01
3.241773e-01
2.450756e-01
1.464507e-01
1.049966e-01
2.123719e-02
1.373486e-02
2.902525e-02
5.826931e-02
1.002693e-01
1.836300e-01
2.772400e-01
3.990768e-01
5.067853e-01
6.129184e-01
7.314685e-01
8.210117e-01
8.901336e-01
9.587765e-01
9.697967e-01
9.953324e-01
9.691950e-01
8.935803e-01
8.307670e-01
7.423344e-01
6.811961e-01
5.480199e-01
4.242976e-01
3.564054e-01
2.158973e-01
1.760685e-01
9.006831e-02
3.234308e-02
3.042934e-02
5.115947e-02
4.615688e-02
1.268510e-01
1.812216e-01
2.936560e-01
3.727916e-01
4.955171e-01
6.327126e-01
7.128187e-01
7.879406e-01
8.886737e-01
9.160285e-01
9.924232e-01
9.726613e-01
9.661076e-01
9.322313e-01
8.667831e-01
7.658778e-01
6.699491e-01
5.788804e-01
4.554339e-01
3.472069e-01
2.551367e-01
1.323470e-01
1.007121e-01
5.605542e-02
5.284585e-03
4.366592e-02
5.494091e-02
1.128123e-01
1.904227e-01
2.768191e-01
3.943955e-01
4.835446e-01
6.134674e-01
7.030836e-01
7.974380e-01
9.059154e-01
9.260875e-01
9.832709e-01
9.568319e-01
9.747067e-01
9.280860e-01
8.258253e-01
7.518056e-01
6.627164e-01
5.765736e-01
4.296227e-01
3.157624e-01
2.415828e-01
1.373963e-01
1.004039e-01
3.330310e-02
1.818039e-03
4.739135e-02
4.283241e-02
1.330581e-01
2.167585e-01
3.049722e-01
3.756703e-01
4.958417e-01
6.030664e-01
7.152766e-01
7.835840e-01
8.835419e-01
9.190354e-01
9.596818e-01
9.917107e-01
9.371411e-01
9.145559e-01
8.515518e-01
7.461657e-01
6.577854e-01
5.503996e-01
4.307802e-01
3.445144e-01
2.559314e-01
1.362470e-01
1.033446e-01
6.396224e-02
3.487029e-02
7.626020e-03
7.318333e-02
9.560275e-02
1.735270e-01
2.912935e-01
3.738616e-01
5.206112e-01
6.157235e-01
6.938658e-01
7.896283e-01
8.607410e-01
9.349787e-01
9.779190e-01
9.550560e-01
9.784662e-01
9.257411e-01
8.390629e-01
7.746144e-01
6.791601e-01
5.721358e-01
4.372003e-01
3.602493e-01
2.249814e-01
1.642483e-01
7.248195e-02
6.176431e-02
2.946493e-02
2.336941e-02
7.392612e-02
1.208565e-01
1.745671e-01
3.000263e-01
3.817111e-01
4.841959e-01
6.289799e-01
7.357918e-01
7.991594e-01
8.987669e-01
9.418067e-01
9.660395e-01
9.991261e-01
9.624932e-01
9.298048e-01
8.536152e-01
7.697418e-01
6.767935e-01
5.501181e-01
4.675939e-01
3.385763e-01
2.243385e-01
1.686230e-01
1.049842e-01
2.910113e-02
2.889664e-03
3.611775e-02
5.815541e-02
1.398385e-01
1.819101e-01
2.999988e-01
4.014359e-01
5.167926e-01
6.299925e-01
7.164942e-01
7.918505e-01
8.633642e-01
9.357655e-01
9.529014e-01
9.732545e-01
9.467226e-01
9.234946e-01
8.636191e-01
7.502862e-01
6.545105e-01
5.641857e-01
4.626906e-01
3.591758e-01
2.360394e-01
1.417019e-01
1.082222e-01
1.912928e-02
2.308078e-02
4.373049e-02
8.068557e-02
1.273664e-01
2.107027e-01
2.875221e-01
3.731931e-01
5.168121e-01
6.248588e-01
7.359790e-01
8.115948e-01
8.908271e-01
9.562628e-01
9.533480e-01
9.934088e-01
9.795723e-01
9.179000e-01
8.706352e-01
7.572645e-01
6.809006e-01
5.648917e-01
4.319177e-01
3.183551e-01
2.144624e-01
1.727518e-01
6.249817e-02
6.590674e-02
1.807628e-02
1.884036e-02
8.294611e-02
1.123900e-01
2.060039e-01
2.973954e-01
3.807468e-01
4.996412e-01
6.157696e-01
7.310561e-01
8.139361e-01
8.817575e-01
9.462062e-01
9.751742e-01
9.563281e-01
9.492237e-01
9.124684e-01
8.340012e-01
7.470699e-01
6.605637e-01
5.704183e-01
4.287391e-01
3.527516e-01
2.463790e-01
1.702792e-01
6.612178e-02
5.700265e-02
4.178203e-02
5.758794e-03
7.607309e-02
1.351181e-01
1.879178e-01
2.656324e-01
4.057355e-01
5.143339e-01
6.270629e-01
7.181629e-01
7.884274e-01
8.758798e-01
9.242239e-01
9.924977e-01
9.527918e-01
9.659268e-01
9.197355e-01
8.522911e-01
7.744476e-01
6.852371e-01
5.355214e-01
4.672381e-01
3.194753e-01
2.389004e-01
1.665496e-01
7.742203e-02
3.616536e-02
2.221379e-02
1.458633e-02
5.885946e-02
1.066458e-01
1.726959e-01
2.830922e-01
3.703902e-01
5.218401e-01
6.264366e-01
6.988098e-01
8.209223e-01
8.899463e-01
9.161641e-01
9.643444e-01
9.891047e-01
9.519894e-01
9.173548e-01
8.581725e-01
7.569739e-01
6.518045e-01
5.486699e-01
4.680542e-01
3.134203e-01
2.289671e-01
1.324688e-01
1.098660e-01
4.071088e-02
2.840963e-02
4.330084e-02
7.470529e-02
1.397596e-01
1.818421e-01
3.077657e-01
3.862903e-01
5.025140e-01
5.881331e-01
7.321696e-01
8.140061e-01
8.591490e-01
9.488976e-01
9.858301e-01
9.908024e-01
9.510342e-01
9.307807e-01
8.317167e-01
7.445765e-01
6.512929e-01
5.675885e-01
4.615382e-01
3.431902e-01
2.144531e-01
1.391012e-01
9.269680e-02
2.014217e-02
2.510880e-02
3.980607e-02
3.882518e-02
9.324905e-02
1.845431e-01
3.005999e-01
4.033807e-01
4.905736e-01
5.901135e-01
7.261784e-01
8.179657e-01
8.895584e-01
9.523581e-01
9.753944e-01
9.665403e-01
9.714526e-01
9.053235e-01
8.289404e-01
7.666925e-01
6.726356e-01
5.782381e-01
4.571984e-01
3.521355e-01
2.245911e-01
1.536802e-01
9.512616e-02
6.004981e-02
2.517379e-02
4.886784e-02
6.156379e-02
1.205003e-01
1.903040e-01
2.720886e-01
3.947519e-01
4.975791e-01
6.120584e-01
7.103838e-01
7.943066e-01
8.995629e-01
9.385438e-01
9.934991e-01
9.805044e-01
9.402925e-01
9.268888e-01
8.324689e-01
7.590255e-01
6.668642e-01
5.563094e-01
4.467551e-01
3.207250e-01
2.240052e-01
1.538864e-01
1.071311e-01
2.065410e-02
3.551799e-02
2.769655e-02
7.235254e-02
1.229971e-01
1.691977e-01
2.919392e-01
3.722321e-01
5.037241e-01
5.899146e-01
7.071079e-01
7.918227e-01
8.844247e-01
9.572129e-01
9.752208e-01
9.894623e-01
9.689661e-01
8.947961e-01
8.595316e-01
7.539081e-01
6.513665e-01
5.571823e-01
4.451662e-01
3.453155e-01
2.191067e-01
1.303688e-01
7.352306e-02
3.210025e-02
1.141444e-02
4.204994e-02
4.804846e-02
1.072530e-01
1.938953e-01
2.942190e-01
3.672767e-01
4.831633e-01
6.188433e-01
7.220030e-01
7.964974e-01
8.717432e-01
9.499643e-01
9.766196e-01
9.742969e-01
9.465793e-01
9.148639e-01
8.260877e-01
7.404792e-01
6.523527e-01
5.394007e-01
4.588000e-01
3.411843e-01
2.335826e-01
1.448755e-01
6.780290e-02
2.341144e-02
2.102277e-02
1.281223e-02
5.350683e-02
1.283073e-01
1.883091e-01
2.662755e-01
4.117822e-01
5.095881e-01
6.155974e-01
7.210332e-01
8.179668e-01
8.956917e-01
9.301679e-01
9.652290e-01
9.551649e-01
9.618566e-01
8.962247e-01
8.561096e-01
7.405911e-01
6.590819e-01
5.417354e-01
4.254679e-01
3.344845e-01
2.369035e-01
1.415170e-01
7.473690e-02
2.260108e-02
3.213998e-02
3.425286e-02
4.697631e-02
1.307359e-01
1.716029e-01
2.782624e-01
3.719140e-01
5.139363e-01
6.219981e-01
7.009767e-01
8.190652e-01
8.807620e-01
9.546206e-01
9.653576e-01
9.617046e-01
9.625026e-01
9.243121e-01
8.512587e-01
7.698602e-01
6.546915e-01
5.660004e-01
4.370039e-01
3.302060e-01
2.201425e-01
1.553877e-01
8.488153e-02
4.689541e-02
1.576397e-03
4.103896e-02
7.820465e-02
9.936199e-02
1.895064e-01
2.831763e-01
3.817647e-01
4.865132e-01
6.102058e-01
7.228142e-01
7.995291e-01
8.733178e-01
9.351037e-01
9.735201e-01
9.553589e-01
9.758112e-01
9.091721e-01
8.450417e-01
7.419534e-01
6.401975e-01
5.401156e-01
4.520013e-01
3.449812e-01
2.376225e-01
1.468949e-01
6.343756e-02
6.009694e-02
2.407772e-02
3.346571e-02
5.379565e-02
9.840249e-02
1.991246e-01
2.655534e-01
4.120336e-01
5.125127e-01
6.104864e-01
7.102419e-01
7.876242e-01
8.939305e-01
9.584942e-01
9.834528e-01
9.564355e-01
9.440024e-01
8.995878e-01
8.542807e-01
7.515540e-01
6.439217e-01
5.342146e-01
4.553848e-01
3.207986e-01
2.172275e-01
1.721488e-01
1.020074e-01
5.447716e-02
1.905669e-02
1.578785e-02
7.448705e-02
1.065829e-01
2.039479e-01
2.786715e-01
3.958049e-01
5.163765e-01
6.332228e-01
7.241455e-01
8.217568e-01
8.949113e-01
9.249232e-01
9.572578e-01
9.932665e-01
9.787991e-01
8.967835e-01
8.532891e-01
7.396723e-01
6.570637e-01
5.713939e-01
4.527421e-01
3.435411e-01
2.581310e-01
1.636051e-01
8.037841e-02
2.344286e-02
3.787294e-02
1.941247e-02
8.202267e-02
1.197795e-01
2.025516e-01
2.685291e-01
3.819378e-01
5.231605e-01
6.279036e-01
7.233965e-01
8.123121e-01
8.934558e-01
9.469107e-01
9.617167e-01
9.781883e-01
9.540123e-01
9.154265e-01
8.597714e-01
7.517163e-01
6.627485e-01
5.750719e-01
4.637946e-01
3.373442e-01
2.271958e-01
1.640817e-01
7.153879e-02
6.300542e-02
3.149791e-02
4.978431e-02
5.220101e-02
1.301253e-01
2.039846e-01
2.900875e-01
3.998192e-01
4.900350e-01
6.003106e-01
7.311354e-01
8.130746e-01
8.726468e-01
9.493304e-01
9.617303e-01
9.956901e-01
9.549765e-01
8.896724e-01
8.339767e-01
7.853577e-01
6.599626e-01
5.679202e-01
4.561632e-01
3.466023e-01
2.257290e-01
1.601283e-01
9.184939e-02
5.534177e-02
4.436449e-02
2.281636e-02
8.345289e-02
1.347992e-01
1.706416e-01
3.039560e-01
3.746715e-01
5.147930e-01
6.156121e-01
7.275461e-01
8.079589e-01
9.025780e-01
9.181481e-01
9.643535e-01
9.786286e-01
9.507404e-01
8.947153e-01
8.646839e-01
7.508679e-01
6.659697e-01
5.728733e-01
4.436338e-01
3.384958e-01
2.278961e-01
1.404472e-01
7.611139e-02
1.901180e-02
2.321664e-02
5.088015e-02
6.743352e-02
1.059878e-01
2.115720e-01
3.087238e-01
3.771119e-01
5.126421e-01
5.870369e-01
6.960999e-01
8.284156e-01
8.987608e-01
9.497585e-01
9.812208e-01
9.696955e-01
9.645269e-01
9.281554e-01
8.583741e-01
7.475929e-01
6.474186e-01
5.716064e-01
4.233109e-01
3.332099e-01
2.326363e-01
1.728325e-01
1.060512e-01
6.340060e-02
1.001378e-02
1.338386e-02
4.832917e-02
1.042102e-01
2.006830e-01
2.699281e-01
4.070701e-01
5.206968e-01
5.891716e-01
7.308259e-01
7.911555e-01
8.987447e-01
9.559092e-01
9.602696e-01
9.901362e-01
9.668604e-01
8.910596e-01
8.479268e-01
7.409935e-01
6.718644e-01
5.468441e-01
4.581568e-01
3.543807e-01
2.370780e-01
1.586565e-01
1.068992e-01
6.255633e-02
5.778373e-04
4.661705e-02
7.742480e-02
1.391632e-01
1.729584e-01
3.092826e-01
3.751636e-01
4.911946e-01
6.176370e-01
7.078789e-01
7.916114e-01
8.875096e-01
9.350970e-01
9.476964e-01
9.893960e-01
9.460320e-01
9.323922e-01
8.262357e-01
7.406055e-01
6.677754e-01
5.358123e-01
4.473215e-01
3.436923e-01
2.504920e-01
1.708140e-01
8.330155e-02
4.938613e-02
1.717705e-02
8.843299e-03
6.510254e-02
1.071629e-01
1.735039e-01
2.824384e-01
3.722589e-01
4.789380e-01
6.108233e-01
6.965735e-01
7.952035e-01
8.989489e-01
9.522570e-01
9.760966e-01
9.535361e-01
9.519569e-01
8.922250e-01
8.255576e-01
7.457906e-01
6.545349e-01
5.764668e-01
4.308155e-01
3.300639e-01
2.393024e-01
1.432762e-01
1.065930e-01
2.750797e-02
3.053464e-03
4.429228e-02
6.738185e-02
1.276241e-01
1.777969e-01
2.946990e-01
3.803979e-01
4.989858e-01
6.236295e-01
7.256234e-01
8.123467e-01
8.994985e-01
9.267382e-01
9.819342e-01
9.576778e-01
9.378773e-01
9.152229e-01
8.580996e-01
7.436061e-01
6.834578e-01
5.688416e-01
4.279529e-01
3.164167e-01
2.184367e-01
1.333129e-01
7.643976e-02
4.076910e-02
2.965576e-02
3.435639e-02
5.617930e-02
1.323482e-01
2.014924e-01
2.711904e-01
3.874013e-01
4.953874e-01
6.044139e-01
6.971324e-01
8.168872e-01
9.003306e-01
9.588085e-01
9.677698e-01
9.756531e-01
9.704973e-01
9.232945e-01
8.341576e-01
7.803678e-01
6.774497e-01
5.678975e-01
4.495014e-01
3.559793e-01
2.464155e-01
1.472362e-01
6.538463e-02
5.510066e-02
2.271335e-02
1.333801e-02
4.035764e-02
1.386670e-01
2.070763e-01
2.931880e-01
3.825176e-01
5.056954e-01
6.023518e-01
7.164951e-01
7.864436e-01
8.946702e-01
9.589555e-01
9.565902e-01
9.745333e-01
9.714764e-01
8.964302e-01
8.666282e-01
7.515671e-01
6.832054e-01
5.606845e-01
4.445139e-01
3.507415e-01
2.331945e-01
1.413047e-01
8.169531e-02
3.368706e-02
4.476057e-02
4.357199e-02
5.564401e-02
1.272906e-01
1.826127e-01
2.874560e-01
4.030746e-01
4.875506e-01
6.022037e-01
7.112946e-01
8.111701e-01
9.048301e-01
9.516930e-01
9.529243e-01
9.542495e-01
9.585536e-01
8.929111e-01
8.351648e-01
7.852796e-01
6.806655e-01
5.501119e-01
4.629419e-01
3.194009e-01
2.283775e-01
1.525196e-01
9.312240e-02
2.363230e-02
4.275447e-02
4.906751e-02
6.189994e-02
1.038709e-01
2.101555e-01
2.761907e-01
3.949413e-01
5.037170e-01
6.142301e-01
6.974292e-01
8.001383e-01
8.987116e-01
9.376795e-01
9.844471e-01
9.728575e-01
9.546999e-01
9.171717e-01
8.501069e-01
7.611421e-01
6.442480e-01
5.615351e-01
4.550961e-01
3.166959e-01
2.372608e-01
1.341012e-01
1.088454e-01
4.893012e-02
1.951896e-02
2.825032e-02
5.086974e-02
1.183359e-01
1.873322e-01
2.706560e-01
3.679071e-01
5.052292e-01
5.884829e-01
7.068850e-01
7.935172e-01
8.891308e-01
9.591616e-01
9.639607e-01
1.000000e+00
9.700635e-01
9.304268e-01
8.610174e-01
7.473586e-01
6.536495e-01
5.489509e-01
4.562548e-01
3.497150e-01
2.360143e-01
1.466831e-01
8.626357e-02
4.497871e-02
4.098428e-02
3.500524e-02
6.264129e-02
1.173438e-01
1.708517e-01
3.093655e-01
4.036398e-01
5.032137e-01
6.043692e-01
7.370830e-01
8.122227e-01
9.065293e-01
9.158574e-01
9.921218e-01
9.630224e-01
9.649337e-01
9.323150e-01
8.513083e-01
7.693714e-01
6.709014e-01
5.524969e-01
4.414229e-01
3.531834e-01
2.489618e-01
1.670222e-01
9.089071e-02
4.319014e-02
1.232178e-02
5.221424e-02
3.827083e-02
1.324849e-01
2.095259e-01
2.917500e-01
3.827974e-01
4.931406e-01
6.180284e-01
7.071950e-01
7.901272e-01
8.704179e-01
9.496108e-01
9.524693e-01
9.933716e-01
9.683305e-01
8.971132e-01
8.620636e-01
7.835455e-01
6.783249e-01
5.651405e-01
4.458878e-01
3.348646e-01
2.311021e-01
1.750331e-01
1.054950e-01
2.879884e-02
3.328013e-02
3.940249e-02
7.626187e-02
1.038996e-01
2.158067e-01
2.991949e-01
3.775969e-01
5.145625e-01
6.163923e-01
7.321341e-01
7.907068e-01
9.064638e-01
9.404538e-01
9.709160e-01
9.595668e-01
9.708172e-01
9.015583e-01
8.363612e-01
7.686264e-01
6.861666e-01
5.519915e-01
4.417241e-01
3.568804e-01
2.253766e-01
1.357578e-01
8.422070e-02
5.250965e-02
2.390026e-02
2.613912e-02
6.682187e-02
1.278836e-01
1.757467e-01
2.769431e-01
3.918168e-01
4.936724e-01
6.004213e-01
7.060437e-01
8.123712e-01
8.641596e-01
9.604825e-01
9.697643e-01
9.655973e-01
9.791367e-01
8.912496e-01
8.608385e-01
7.431409e-01
6.783447e-01
5.331586e-01
4.382914e-01
3.341394e-01
2.143853e-01
1.669313e-01
1.050711e-01
6.353426e-02
1.593112e-03
7.714367e-03
5.657218e-02
1.292873e-01
1.956970e-01
3.011852e-01
3.837804e-01
4.898515e-01
6.323585e-01
7.235107e-01
8.227702e-01
8.752067e-01
9.619785e-01
9.540729e-01
9.983090e-01
9.383285e-01
8.955869e-01
8.446432e-01
7.561185e-01
6.432462e-01
5.544097e-01
4.279910e-01
3.213105e-01
2.278147e-01
1.377980e-01
8.880949e-02
5.422253e-02
9.223907e-03
2.262606e-02
6.811078e-02
1.001873e-01
1.883017e-01
2.942989e-01
3.921859e-01
4.838599e-01
5.976674e-01
7.084031e-01
8.087422e-01
8.844498e-01
9.310531e-01
9.575120e-01
9.701959e-01
9.662053e-01
9.005220e-01
8.485939e-01
7.689517e-01
6.551284e-01
5.626978e-01
4.246289e-01
3.461703e-01
2.487593e-01
1.556870e-01
1.033689e-01
6.233833e-02
4.054207e-02
8.051996e-03
5.996504e-02
1.221940e-01
1.813584e-01
3.010650e-01
3.779760e-01
4.955718e-01
5.970382e-01
7.350621e-01
8.288596e-01
8.778290e-01
9.230208e-01
9.625219e-01
9.973023e-01
9.674161e-01
9.223615e-01
8.313843e-01
7.420495e-01
6.570895e-01
5.504232e-01
4.494326e-01
3.132095e-01
2.483669e-01
1.410237e-01
6.704594e-02
3.905058e-02
4.682340e-02
3.737337e-02
5.123669e-02
1.365911e-01
1.942428e-01
2.777628e-01
3.842273e-01
4.827077e-01
6.145477e-01
7.003244e-01
8.017856e-01
8.592953e-01
9.354091e-01
9.621067e-01
9.988859e-01
9.731836e-01
9.139141e-01
8.379778e-01
7.749233e-01
6.498530e-01
5.788563e-01
4.650968e-01
3.268260e-01
2.310060e-01
1.444132e-01
1.054662e-01
3.648393e-02
2.065410e-03
1.337526e-02
6.010220e-02
1.163006e-01
1.765260e-01
2.681944e-01
4.029636e-01
4.793880e-01
6.178638e-01
6.957584e-01
8.047172e-01
8.975024e-01
9.483527e-01
9.780560e-01
9.622638e-01
9.675935e-01
8.944964e-01
8.486957e-01
7.709170e-01
6.839579e-01
5.333717e-01
4.676839e-01
3.460495e-01
2.260401e-01
1.754334e-01
9.259872e-02
4.513459e-02
1.572482e-02
5.165240e-02
5.941801e-02
1.273931e-01
1.700452e-01
2.912672e-01
3.751666e-01
5.003718e-01
6.232197e-01
7.061481e-01
7.966822e-01
8.995386e-01
9.620584e-01
9.654548e-01
9.672318e-01
9.717512e-01
8.948390e-01
8.696127e-01
7.384525e-01
6.787104e-01
5.348709e-01
4.459374e-01
3.367957e-01
2.138890e-01
1.559575e-01
8.593205e-02
5.220703e-02
3.903792e-02
2.825070e-02
5.362292e-02
1.116018e-01
2.080579e-01
2.759941e-01
4.064463e-01
5.017219e-01
6.014659e-01
7.127454e-01
8.179904e-01
8.987687e-01
9.262565e-01
9.493976e-01
9.584268e-01
9.379855e-01
8.924875e-01
8.482068e-01
7.574100e-01
6.805166e-01
5.615627e-01
4.380567e-01
3.538925e-01
2.353333e-01
1.495761e-01
8.128237e-02
6.439749e-02
2.050558e-02
5.188029e-02
5.914671e-02
1.001419e-01
2.072456e-01
3.058714e-01
3.891912e-01
4.851183e-01
6.216007e-01
7.279725e-01
7.849113e-01
8.724984e-01
9.197298e-01
9.706710e-01
9.534647e-01
9.784438e-01
9.257142e-01
8.271874e-01
7.413083e-01
6.799777e-01
5.381919e-01
4.483043e-01
3.245559e-01
2.137686e-01
1.387603e-01
9.182031e-02
5.992966e-02
3.113402e-02
8.281698e-03
5.002920e-02
1.229609e-01
1.928697e-01
2.726282e-01
3.697788e-01
5.070377e-01
5.875453e-01
6.906822e-01
7.895756e-01
8.695946e-01
9.503294e-01
9.905621e-01
9.652369e-01
9.350182e-01
8.913236e-01
8.602331e-01
7.406755e-01
6.860456e-01
5.567091e-01
4.266521e-01
3.145222e-01
2.317470e-01
1.414924e-01
9.203415e-02
4.857143e-02
1.230173e-02
4.543487e-02
4.920891e-02
9.966051e-02
1.928963e-01
2.759645e-01
3.851161e-01
4.821280e-01
6.242609e-01
7.205315e-01
7.930087e-01
8.804743e-01
9.461234e-01
9.567051e-01
9.807809e-01
9.756634e-01
9.358211e-01
8.479132e-01
7.453379e-01
6.393621e-01
5.577538e-01
4.643602e-01
3.149611e-01
2.388596e-01
1.499625e-01
7.082084e-02
4.565034e-02
3.874991e-02
2.695372e-02
4.650162e-02
1.147507e-01
2.033378e-01
2.626553e-01
3.993860e-01
5.170243e-01
6.109781e-01
6.903824e-01
7.954872e-01
8.900371e-01
9.526899e-01
9.890330e-01
9.937770e-01
9.453545e-01
9.161878e-01
8.270520e-01
7.783281e-01
6.603739e-01
5.336350e-01
4.372754e-01
3.406353e-01
2.158124e-01
1.716776e-01
8.644790e-02
2.304200e-02
1.982269e-02
5.105088e-02
5.043517e-02
1.406573e-01
2.061281e-01
2.958629e-01
3.748302e-01
4.871497e-01
6.068721e-01
7.002726e-01
8.276376e-01
8.730722e-01
9.492973e-01
9.910344e-01
9.792905e-01
9.515248e-01
9.247556e-01
8.448934e-01
7.497391e-01
6.863880e-01
5.318430e-01
4.355803e-01
3.518844e-01
2.350322e-01
1.458637e-01
7.061224e-02
2.018085e-02
1.871668e-02
9.175197e-03
6.320108e-02
1.169430e-01
1.930801e-01
2.849707e-01
4.028046e-01
5.000084e-01
5.987704e-01
7.136994e-01
8.159405e-01
8.828510e-01
9.586181e-01
9.892274e-01
9.734644e-01
9.438806e-01
9.195561e-01
8.410688e-01
7.753637e-01
6.396037e-01
5.365862e-01
4.312911e-01
3.242663e-01
2.180344e-01
1.397824e-01
8.905414e-02
6.218738e-02
3.185507e-02
4.955824e-02
4.161680e-02
1.272204e-01
1.846021e-01
2.692659e-01
3.780928e-01
5.155712e-01
6.177727e-01
7.258506e-01
8.117225e-01
8.669568e-01
9.149124e-01
9.506810e-01
9.936280e-01
9.577089e-01
8.903305e-01
8.594256e-01
7.833660e-01
6.504891e-01
5.497436e-01
4.354688e-01
3.130211e-01
2.321626e-01
1.487034e-01
7.351977e-02
4.869736e-02
2.377824e-02
2.794268e-02
4.656867e-02
1.133949e-01
1.761251e-01
2.668457e-01
3.904381e-01
5.173717e-01
6.068744e-01
7.224911e-01
7.888112e-01
8.716214e-01
9.305552e-01
9.876763e-01
9.940750e-01
9.574575e-01
9.313750e-01
8.690811e-01
7.555233e-01
6.576067e-01
5.779286e-01
4.259830e-01
3.281410e-01
2.234779e-01
1.523749e-01
9.281734e-02
2.876742e-02
4.157793e-02
8.405861e-03
5.885956e-02
1.177046e-01
1.962667e-01
3.052761e-01
3.996997e-01
5.236878e-01
5.890728e-01
7.293326e-01
8.074727e-01
9.033753e-01
9.264984e-01
9.552230e-01
9.551624e-01
9.580653e-01
9.145647e-01
8.671636e-01
7.565777e-01
6.405450e-01
5.693005e-01
4.366928e-01
3.309917e-01
2.219673e-01
1.435146e-01
8.618224e-02
4.237677e-02
2.403292e-02
5.319761e-02
4.401129e-02
1.279849e-01
2.111029e-01
2.708912e-01
3.745157e-01
4.950785e-01
6.225846e-01
6.948238e-01
7.881250e-01
8.954481e-01
9.219431e-01
9.904719e-01
9.658967e-01
9.375087e-01
8.980017e-01
8.454448e-01
7.448638e-01
6.723448e-01
5.785265e-01
4.230614e-01
3.160909e-01
2.141317e-01
1.690103e-01
8.199129e-02
3.739180e-02
2.626533e-04
4.014637e-02
8.014642e-02
1.178241e-01
1.805066e-01
3.040628e-01
3.972618e-01
5.225175e-01
6.228372e-01
7.309401e-01
7.903799e-01
8.670915e-01
9.438161e-01
9.582180e-01
9.659475e-01
9.514546e-01
9.089476e-01
8.329893e-01
7.695439e-01
6.627343e-01
5.495080e-01
4.260227e-01
3.425215e-01
2.169130e-01
1.334424e-01
9.479053e-02
2.527236e-02
4.614580e-03
3.068603e-02
6.383598e-02
1.171908e-01
1.950314e-01
2.747011e-01
3.850085e-01
4.791264e-01
6.106344e-01
7.041033e-01
8.174901e-01
8.823277e-01
9.172319e-01
9.736893e-01
9.834385e-01
9.442688e-01
8.985369e-01
8.659818e-01
7.624090e-01
6.662694e-01
5.456913e-01
4.541875e-01
3.229816e-01
2.512409e-01
1.325887e-01
7.821195e-02
3.827580e-02
6.541978e-03
2.629480e-02
4.188346e-02
1.069990e-01
1.949918e-01
2.910435e-01
4.062614e-01
4.784535e-01
5.937463e-01
6.959945e-01
8.045638e-01
8.698037e-01
9.446754e-01
9.816811e-01
9.980248e-01
9.391935e-01
9.276998e-01
8.482842e-01
7.748248e-01
6.404914e-01
5.653381e-01
4.518406e-01
3.378239e-01
2.266677e-01
1.741802e-01
7.346385e-02
4.191785e-02
3.470634e-02
2.069278e-02
7.670212e-02
1.004115e-01
1.913176e-01
2.737157e-01
3.777214e-01
5.123427e-01
6.241341e-01
7.315520e-01
8.119509e-01
8.995185e-01
9.155897e-01
9.809595e-01
9.670582e-01
9.453389e-01
9.066665e-01
8.253095e-01
7.478012e-01
6.621379e-01
5.715263e-01
4.548746e-01
3.241310e-01
2.548330e-01
1.491060e-01
1.051791e-01
3.717022e-02
3.281404e-02
4.624461e-02
6.720640e-02
1.021613e-01
1.972783e-01
3.063733e-01
3.665347e-01
5.117159e-01
6.053624e-01
7.030375e-01
8.305392e-01
8.668809e-01
9.174631e-01
9.873501e-01
9.895626e-01
9.769271e-01
9.317266e-01
8.470924e-01
7.484228e-01
6.455883e-01
5.722759e-01
4.325215e-01
3.283130e-01
2.294740e-01
1.329410e-01
6.464003e-02
4.587341e-02
4.481439e-02
2.838638e-02
5.986972e-02
1.094140e-01
1.775278e-01
2.768331e-01
4.120468e-01
4.937152e-01
6.295381e-01
7.334521e-01
8.013517e-01
8.904298e-01
9.291059e-01
9.774035e-01
9.839447e-01
9.559322e-01
9.236531e-01
8.478651e-01
7.499325e-01
6.691029e-01
5.503536e-01
4.558141e-01
3.524492e-01
2.387572e-01
1.569832e-01
6.642312e-02
5.933869e-02
4.349759e-02
1.400468e-02
8.055105e-02
1.168004e-01
1.751463e-01
2.796562e-01
4.120965e-01
4.985863e-01
6.126107e-01
7.039616e-01
8.039799e-01
9.032568e-01
9.237910e-01
9.626910e-01
9.675843e-01
9.741663e-01
9.205834e-01
8.693130e-01
7.625487e-01
6.450385e-01
5.637280e-01
4.214478e-01
3.298944e-01
2.278911e-01
1.484498e-01
6.716098e-02
2.485364e-02
4.424744e-02
3.878463e-02
4.784908e-02
1.310154e-01
1.986096e-01
2.803276e-01
3.992377e-01
4.816809e-01
6.109004e-01
6.939259e-01
7.871241e-01
9.064177e-01
9.445832e-01
9.641000e-01
9.733734e-01
9.600302e-01
9.166776e-01
8.603896e-01
7.798073e-01
6.593667e-01
5.517349e-01
4.601543e-01
3.568388e-01
2.395886e-01
1.527754e-01
1.074943e-01
6.175156e-02
3.770694e-02
2.282940e-02
3.772972e-02
1.377450e-01
1.834042e-01
2.949883e-01
3.732654e-01
4.806905e-01
6.012694e-01
7.163801e-01
8.210302e-01
8.798812e-01
9.175720e-01
9.879705e-01
9.777365e-01
9.361800e-01
9.135850e-01
8.661615e-01
7.617462e-01
6.421380e-01
5.536009e-01
4.331698e-01
3.568687e-01
2.557830e-01
1.615530e-01
9.847537e-02
5.713512e-02
1.042686e-02
1.813597e-02
7.344661e-02
9.960783e-02
1.721704e-01
2.669947e-01
3.727640e-01
4.761864e-01
6.058256e-01
7.305394e-01
7.905537e-01
8.834471e-01
9.221002e-01
9.799481e-01
9.674531e-01
9.619268e-01
9.263066e-01
8.319935e-01
7.441007e-01
6.787646e-01
5.640954e-01
4.212962e-01
3.276790e-01
2.490487e-01
1.515455e-01
9.005642e-02
5.043078e-02
1.661354e-02
1.849461e-02
5.772332e-02
1.011782e-01
1.930042e-01
2.943334e-01
4.100512e-01
5.066381e-01
6.219304e-01
6.920780e-01
8.205040e-01
8.950478e-01
9.359501e-01
9.763025e-01
9.963324e-01
9.793426e-01
9.271893e-01
8.528506e-01
7.512332e-01
6.576389e-01
5.499190e-01
4.420158e-01
3.366630e-01
2.237438e-01
1.350045e-01
8.716685e-02
4.369138e-02
4.109369e-02
5.335277e-02
4.256498e-02
1.189538e-01
1.862939e-01
2.795336e-01
4.121035e-01
5.014981e-01
6.279644e-01
7.214689e-01
8.048961e-01
8.837783e-01
9.336907e-01
9.699883e-01
9.672582e-01
9.409288e-01
9.347250e-01
8.678859e-01
7.416989e-01
6.825904e-01
5.658370e-01
4.533386e-01
3.209919e-01
2.185360e-01
1.321509e-01
9.221539e-02
4.746752e-02
1.293496e-02
4.186030e-02
4.345155e-02
1.318110e-01
1.992814e-01
2.675231e-01
4.098024e-01
4.845061e-01
6.092436e-01
7.043680e-01
7.899564e-01
8.599175e-01
9.226238e-01
9.844395e-01
9.755446e-01
9.663477e-01
8.991618e-01
8.698581e-01
7.857985e-01
6.563685e-01
5.753450e-01
4.647184e-01
3.329908e-01
2.529955e-01
1.594486e-01
6.778189e-02
6.625592e-02
3.502506e-02
1.457344e-02
6.728849e-02
1.099219e-01
1.915909e-01
2.798676e-01
3.887999e-01
4.896729e-01
5.868204e-01
7.191101e-01
7.928220e-01
8.682574e-01
9.186451e-01
9.702043e-01
9.689448e-01
9.385081e-01
9.216147e-01
8.299544e-01
7.662454e-01
6.564851e-01
5.476331e-01
4.471376e-01
3.294520e-01
2.468169e-01
1.513758e-01
7.562286e-02
2.432108e-02
1.365654e-02
4.971192e-02
4.867530e-02
1.073418e-01
2.010644e-01
2.817225e-01
4.100567e-01
4.772572e-01
6.287401e-01
7.049563e-01
8.071590e-01
8.675887e-01
9.298232e-01
9.515282e-01
9.711417e-01
9.580261e-01
8.989599e-01
8.656712e-01
7.791637e-01
6.537460e-01
5.580477e-01
4.679072e-01
3.549149e-01
2.573482e-01
1.444336e-01
8.350489e-02
3.131348e-02
5.358128e-04
4.952109e-02
6.350871e-02
1.000413e-01
1.795051e-01
2.839394e-01
3.841430e-01
5.008729e-01
5.926752e-01
7.286527e-01
8.042764e-01
8.668633e-01
9.476841e-01
9.822470e-01
9.847532e-01
9.752183e-01
8.931016e-01
8.606067e-01
7.507976e-01
6.674057e-01
5.780836e-01
4.275028e-01
3.337377e-01
2.268898e-01
1.621989e-01
8.309740e-02
2.631805e-02
2.883231e-02
4.217138e-02
6.639532e-02
1.353303e-01
2.067897e-01
2.866352e-01
3.865103e-01
5.208571e-01
6.215668e-01
7.332368e-01
7.983469e-01
8.716156e-01
9.162034e-01
9.522587e-01
9.866228e-01
9.430122e-01
9.287294e-01
8.454399e-01
7.799582e-01
6.724704e-01
5.570586e-01
4.515990e-01
3.581915e-01
2.195245e-01
1.585758e-01
6.714675e-02
4.553067e-02
4.250609e-02
4.398607e-02
8.520034e-02
9.625351e-02
1.891458e-01
2.980905e-01
3.980752e-01
4.907470e-01
6.125517e-01
6.997425e-01
8.183592e-01
8.825845e-01
9.593558e-01
9.768551e-01
9.916624e-01
9.431618e-01
9.218451e-01
8.682461e-01
7.819774e-01
6.811353e-01
5.677373e-01
4.384514e-01
3.482618e-01
2.352679e-01
1.721583e-01
8.131327e-02
3.797279e-02
9.679969e-04
6.774546e-03
6.169182e-02
1.216832e-01
2.133630e-01
2.763967e-01
3.945549e-01
5.236426e-01
6.209690e-01
7.076774e-01
8.150646e-01
8.608919e-01
9.582756e-01
9.878215e-01
9.899819e-01
9.530504e-01
9.282086e-01
8.434072e-01
7.491503e-01
6.398931e-01
5.360141e-01
4.284305e-01
3.567940e-01
2.599648e-01
1.728162e-01
7.669787e-02
5.273993e-02
1.736950e-02
1.574153e-02
4.287037e-02
1.305267e-01
1.807921e-01
2.681187e-01
3.798898e-01
5.165014e-01
5.891532e-01
7.190736e-01
8.044029e-01
8.619715e-01
9.303341e-01
9.850947e-01
9.877670e-01
9.511714e-01
9.244016e-01
8.521584e-01
7.455910e-01
6.459747e-01
5.511288e-01
4.477874e-01
3.300485e-01
2.338373e-01
1.604499e-01
8.768657e-02
3.514464e-02
2.969993e-02
2.738806e-02
6.841479e-02
1.098692e-01
2.088400e-01
3.026302e-01
3.881660e-01
5.056376e-01
5.910938e-01
7.190718e-01
8.266293e-01
9.045260e-01
9.462715e-01
9.709620e-01
9.719048e-01
9.681886e-01
9.300826e-01
8.335694e-01
7.603932e-01
6.497768e-01
5.764879e-01
4.235857e-01
3.302913e-01
2.175229e-01
1.513629e-01
1.072863e-01
3.983988e-02
4.224058e-02
3.462148e-02
8.409882e-02
1.048145e-01
1.806488e-01
2.822057e-01
4.086558e-01
5.045441e-01
5.987172e-01
7.263180e-01
7.860569e-01
9.012857e-01
9.554582e-01
9.781429e-01
9.908907e-01
9.721746e-01
9.054460e-01
8.384228e-01
7.485169e-01
6.421573e-01
5.392673e-01
4.408755e-01
3.374740e-01
2.318595e-01
1.462567e-01
9.026731e-02
5.441929e-02
2.081981e-02
8.515698e-03
7.052270e-02
1.358444e-01
2.148386e-01
2.758630e-01
4.076145e-01
4.859241e-01
6.119384e-01
7.048522e-01
7.879265e-01
8.656583e-01
9.416158e-01
9.872589e-01
9.624461e-01
9.550919e-01
9.237484e-01
8.649142e-01
7.504202e-01
6.644458e-01
5.411221e-01
4.476322e-01
3.478862e-01
2.260948e-01
1.635479e-01
7.021416e-02
5.583728e-02
4.692421e-03
3.111129e-02
5.492177e-02
1.342964e-01
2.160138e-01
2.819112e-01
3.924904e-01
5.181291e-01
6.044212e-01
7.311405e-01
8.190904e-01
8.872762e-01
9.333702e-01
9.492016e-01
9.859337e-01
9.589740e-01
9.196041e-01
8.497625e-01
7.736128e-01
6.432187e-01
5.442727e-01
4.495611e-01
3.285624e-01
2.515339e-01
1.673316e-01
1.054022e-01
4.393340e-02
2.711537e-03
3.583537e-02
7.071984e-02
1.337333e-01
2.046105e-01
2.725499e-01
3.763264e-01
5.051778e-01
5.962352e-01
7.210247e-01
7.910149e-01
8.635401e-01
9.157373e-01
9.474145e-01
9.933616e-01
9.629590e-01
9.095714e-01
8.668883e-01
7.533303e-01
6.848233e-01
5.572541e-01
4.618820e-01
3.456044e-01
2.432882e-01
1.350480e-01
7.661793e-02
6.411902e-02
4.362223e-02
1.083469e-02
7.833836e-02
1.149849e-01
1.776289e-01
2.848925e-01
3.733761e-01
4.776332e-01
5.971745e-01
7.087132e-01
7.950614e-01
8.992832e-01
9.429949e-01
9.891004e-01
9.532740e-01
9.664805e-01
9.336243e-01
8.250137e-01
7.642795e-01
6.651061e-01
5.531021e-01
4.422018e-01
3.533598e-01
2.329855e-01
1.761043e-01
9.669429e-02
2.310323e-02
2.867773e-02
4.638267e-02
5.629353e-02
1.202261e-01
2.063323e-01
2.856023e-01
3.862357e-01
4.875882e-01
6.186577e-01
7.339153e-01
8.020662e-01
8.932218e-01
9.213812e-01
9.837933e-01
9.990143e-01
9.806100e-01
9.078199e-01
8.646846e-01
7.860766e-01
6.428231e-01
5.690708e-01
4.221243e-01
3.420261e-01
2.292370e-01
1.518747e-01
6.568038e-02
2.711017e-02
4.190065e-02
8.669947e-03
8.037679e-02
1.401884e-01
2.014302e-01
2.974782e-01
3.841532e-01
4.879273e-01
6.114820e-01
7.325426e-01
8.152648e-01
8.960011e-01
9.414917e-01
9.744393e-01
9.610431e-01
9.469038e-01
9.246071e-01
8.691618e-01
7.503556e-01
6.737397e-01
5.477436e-01
4.260743e-01
3.469846e-01
2.333821e-01
1.717934e-01
9.831649e-02
1.992154e-02
1.031559e-02
1.707629e-02
4.217424e-02
1.126104e-01
1.753045e-01
2.693181e-01
3.806584e-01
4.817639e-01
6.261750e-01
6.931687e-01
8.070189e-01
8.632780e-01
9.426972e-01
9.648205e-01
9.892737e-01
9.508887e-01
9.350988e-01
8.402832e-01
7.641245e-01
6.505254e-01
5.356521e-01
4.443204e-01
3.358045e-01
2.522072e-01
1.687123e-01
9.108641e-02
4.370518e-02
1.137957e-02
2.976507e-02
5.083884e-02
1.064857e-01
2.041633e-01
2.863893e-01
3.840864e-01
4.830446e-01
6.171205e-01
7.161917e-01
8.048049e-01
8.958152e-01
9.326580e-01
9.709878e-01
9.658100e-01
9.558815e-01
8.947165e-01
8.549557e-01
7.495930e-01
6.618831e-01
5.608164e-01
4.486654e-01
3.131759e-01
2.541572e-01
1.609658e-01
8.670382e-02
3.447502e-02
2.245829e-02
2.230165e-02
8.213375e-02
9.359283e-02
1.977636e-01
2.826176e-01
3.798581e-01
5.182754e-01
5.944524e-01
7.290345e-01
7.957085e-01
8.744279e-01
9.364464e-01
9.849146e-01
9.899638e-01
9.444519e-01
8.986039e-01
8.375217e-01
7.624546e-01
6.707634e-01
5.507552e-01
4.284444e-01
3.552798e-01
2.554536e-01
1.659091e-01
8.539757e-02
6.089799e-02
2.935151e-02
1.324871e-02
5.641898e-02
1.390110e-01
1.997896e-01
2.971943e-01
4.088160e-01
5.074085e-01
6.026294e-01
7.064657e-01
8.283685e-01
8.700806e-01
9.389646e-01
9.826620e-01
9.765202e-01
9.733380e-01
9.001399e-01
8.380046e-01
7.677394e-01
6.608698e-01
5.551255e-01
4.640502e-01
3.582479e-01
2.209491e-01
1.436987e-01
6.814464e-02
2.074197e-02
8.437380e-03
4.869421e-02
6.271211e-02
9.676488e-02
1.943731e-01
2.944348e-01
3.886103e-01
4.996551e-01
6.018958e-01
7.008366e-01
8.018178e-01
9.062352e-01
9.415126e-01
9.812977e-01
9.975798e-01
9.715388e-01
9.012938e-01
8.568117e-01
7.524965e-01
6.431546e-01
5.754686e-01
4.492903e-01
3.458174e-01
2.313986e-01
1.333090e-01
9.132012e-02
3.415974e-02
1.129839e-02
4.965920e-02
5.887675e-02
1.072252e-01
1.744241e-01
2.782897e-01
4.053637e-01
4.852151e-01
6.280894e-01
7.148305e-01
8.149273e-01
8.769203e-01
9.547729e-01
9.887780e-01
9.894690e-01
9.731984e-01
9.113223e-01
8.473370e-01
7.752156e-01
6.513838e-01
5.671478e-01
4.430613e-01
3.388038e-01
2.531177e-01
1.474231e-01
6.954649e-02
4.344845e-02
3.586206e-02
1.749605e-02
4.358570e-02
9.745116e-02
1.928770e-01
2.639637e-01
3.917543e-01
5.141283e-01
5.938144e-01
7.328312e-01
8.128387e-01
8.759604e-01
9.512120e-01
9.529283e-01
9.538636e-01
9.403226e-01
9.364878e-01
8.669669e-01
7.819845e-01
6.782090e-01
5.490510e-01
4.403555e-01
3.405929e-01
2.432502e-01
1.363964e-01
6.510665e-02
2.656724e-02
4.655454e-02
2.717015e-02
5.268611e-02
1.174323e-01
1.793596e-01
2.886560e-01
3.964444e-01
4.908369e-01
5.892045e-01
7.231953e-01
8.236931e-01
9.002637e-01
9.550563e-01
9.817833e-01
9.760782e-01
9.432070e-01
9.140268e-01
8.533317e-01
7.492633e-01
6.706274e-01
5.605814e-01
4.272642e-01
3.397802e-01
2.338506e-01
1.529636e-01
1.093433e-01
1.895688e-02
5.499005e-03
1.262503e-02
4.063581e-02
1.072508e-01
1.755070e-01
2.862799e-01
3.953633e-01
5.069654e-01
6.210661e-01
6.990512e-01
7.967565e-01
8.610788e-01
9.263023e-01
9.929661e-01
9.955029e-01
9.387563e-01
9.290538e-01
8.538563e-01
7.670272e-01
6.407836e-01
5.386449e-01
4.313929e-01
3.249704e-01
2.520877e-01
1.686227e-01
8.144216e-02
3.638126e-02
1.175875e-02
4.904621e-02
5.454173e-02
1.058999e-01
1.708726e-01
2.856406e-01
3.819621e-01
4.921494e-01
6.165742e-01
7.310292e-01
8.286146e-01
8.727154e-01
9.423867e-01
9.529249e-01
9.802031e-01
9.634110e-01
9.080138e-01
8.497390e-01
7.633514e-01
6.630480e-01
5.495546e-01
4.282416e-01
3.172434e-01
2.331536e-01
1.435349e-01
7.784400e-02
5.039243e-02
4.907797e-03
1.335186e-02
4.065176e-02
1.164737e-01
1.891931e-01
3.081719e-01
4.064417e-01
5.091190e-01
5.867159e-01
7.071144e-01
7.844279e-01
8.757963e-01
9.617352e-01
9.884714e-01
9.673867e-01
9.466409e-01
9.118895e-01
8.446367e-01
7.790365e-01
6.438232e-01
5.711675e-01
4.398096e-01
3.420980e-01
2.292757e-01
1.660126e-01
9.954723e-02
3.878759e-02
8.451229e-03
9.967455e-03
7.320392e-02
1.340283e-01
1.789579e-01
3.050298e-01
4.101065e-01
5.094576e-01
6.018943e-01
7.333104e-01
8.092462e-01
8.601891e-01
9.580729e-01
9.893750e-01
9.553480e-01
9.460595e-01
9.321415e-01
8.681445e-01
7.656388e-01
6.473052e-01
5.507958e-01
4.213096e-01
3.135100e-01
2.374344e-01
1.691255e-01
8.252720e-02
2.404572e-02
7.686669e-03
1.542491e-02
8.016533e-02
1.216585e-01
1.879590e-01
3.086067e-01
3.825337e-01
4.882583e-01
5.952361e-01
7.025955e-01
7.917115e-01
