4.787967e-004 
-1.653709e-002 
1.744618e-002 
3.512676e-002 
1.903372e-002 
2.299425e-002 
4.788629e-002 
7.112024e-002 
3.931160e-002 
3.578216e-002 
9.047267e-002 
1.011103e-001 
6.114368e-002 
1.025865e-001 
1.669879e-001 
1.905099e-001 
1.724810e-001 
1.775803e-001 
2.792727e-001 
3.092502e-001 
3.812907e-001 
3.794640e-001 
4.757197e-001 
6.075204e-001 
6.971657e-001 
7.472313e-001 
8.580573e-001 
1.034882e+000 
1.151132e+000 
1.252765e+000 
1.291877e+000 
1.085035e+000 
7.718059e-001 
5.482698e-001 
4.281228e-001 
6.603298e-001 
9.334737e-001 
1.003242e+000 
9.507941e-001 
1.099213e+000 
1.116074e+000 
1.111803e+000 
1.071197e+000 
8.601710e-001 
7.394475e-001 
6.689154e-001 
7.641799e-001 
1.058537e+000 
1.203338e+000 
1.232898e+000 
1.289651e+000 
1.006658e+000 
7.469564e-001 
5.080626e-001 
4.090468e-001 
7.233797e-001 
9.650679e-001 
9.632263e-001 
9.457889e-001 
1.127983e+000 
1.147788e+000 
1.202941e+000 
1.107991e+000 
8.569292e-001 
6.753997e-001 
5.362819e-001 
6.594725e-001 
9.567391e-001 
1.085467e+000 
1.076641e+000 
1.200239e+000 
1.081093e+000 
9.387412e-001 
8.307026e-001 
6.484184e-001 
6.780503e-001 
9.230727e-001 
1.107618e+000 
1.145739e+000 
1.213330e+000 
1.112036e+000 
8.586863e-001 
7.052098e-001 
5.288511e-001 
6.436311e-001 
9.646092e-001 
1.085360e+000 
1.082684e+000 
1.223596e+000 
1.109919e+000 
9.379096e-001 
8.243282e-001 
6.407680e-001 
6.374227e-001 
9.085200e-001 
1.113209e+000 
1.143001e+000 
1.232743e+000 
1.156631e+000 
9.267894e-001 
7.321716e-001 
5.023805e-001 
5.604319e-001 
8.741673e-001 
1.035426e+000 
1.024615e+000 
1.110035e+000 
1.174885e+000 
1.056017e+000 
9.764540e-001 
7.959148e-001 
6.687217e-001 
7.187010e-001 
8.872176e-001 
1.088657e+000 
1.220011e+000 
1.283437e+000 
1.220753e+000 
9.246133e-001 
6.458895e-001 
4.413162e-001 
4.502361e-001 
8.206412e-001 
9.555258e-001 
9.286350e-001 
9.716882e-001 
1.154492e+000 
1.230538e+000 
1.082695e+000 
7.877138e-001 
5.833232e-001 
4.160108e-001 
6.290666e-001 
9.393390e-001 
9.721015e-001 
9.691567e-001 
1.144025e+000 
1.171539e+000 
1.065224e+000 
8.398019e-001 
6.264824e-001 
5.481486e-001 
7.266917e-001 
9.991095e-001 
1.105502e+000 
1.108755e+000 
1.223563e+000 
1.070981e+000 
8.771077e-001 
6.937801e-001 
5.577006e-001 
9.615784e-001 
1.074013e+000 
1.103372e+000 
1.261358e+000 
1.169054e+000 
1.019980e+000 
7.713930e-001 
5.827739e-001 
5.319704e-001 
7.940811e-001 
1.026189e+000 
1.055483e+000 
1.108825e+000 
1.182168e+000 
1.027256e+000 
9.413324e-001 
7.313039e-001 
6.311575e-001 
7.566773e-001 
9.610289e-001 
1.107035e+000 
1.153061e+000 
1.263415e+000 
1.127441e+000 
8.681646e-001 
6.401517e-001 
4.823245e-001 
5.942388e-001 
9.139623e-001 
1.030635e+000 
1.023362e+000 
1.108887e+000 
1.115258e+000 
1.026756e+000 
9.608723e-001 
7.362154e-001 
8.486817e-001 
1.031666e+000 
1.192153e+000 
1.279785e+000 
1.050154e+000 
7.751686e-001 
6.707232e-001 
9.246229e-001 
9.511419e-001 
9.065340e-001 
1.045976e+000 
1.076460e+000 
1.147488e+000 
9.916916e-001 
8.636742e-001 
6.976486e-001 
6.475925e-001 
8.141058e-001 
1.076529e+000 
1.139639e+000 
1.228720e+000 
1.273840e+000 
9.149590e-001 
7.102309e-001 
5.216646e-001 
4.467348e-001 
7.929331e-001 
1.014951e+000 
9.710390e-001 
1.000712e+000 
1.113218e+000 
1.089225e+000 
1.118494e+000 
1.014571e+000 
8.993112e-001 
8.102166e-001 
6.891684e-001 
8.270473e-001 
1.064942e+000 
1.219252e+000 
1.274481e+000 
1.296974e+000 
1.020926e+000 
7.149721e-001 
4.035179e-001 
6.893687e-001 
9.543877e-001 
9.062618e-001 
1.076234e+000 
1.086229e+000 
1.157479e+000 
1.128137e+000 
7.844026e-001 
6.120007e-001 
6.701547e-001 
1.144108e+000 
1.180492e+000 
1.243630e+000 
1.125735e+000 
8.176064e-001 
5.153722e-001 
6.571488e-001 
9.691951e-001 
1.103795e+000 
1.059880e+000 
1.177591e+000 
1.060027e+000 
8.696924e-001 
7.669522e-001 
7.483375e-001 
1.036351e+000 
1.181036e+000 
1.015625e+000 
4.883018e-001 
7.597326e-001 
1.022957e+000 
1.038532e+000 
1.040686e+000 
1.115004e+000 
9.841182e-001 
9.305167e-001 
8.491910e-001 
7.622737e-001 
8.887799e-001 
1.053047e+000 
1.240605e+000 
1.331664e+000 
1.315592e+000 
9.989712e-001 
6.578648e-001 
4.791510e-001 
3.645096e-001 
6.975512e-001 
9.281606e-001 
9.099580e-001 
9.185759e-001 
1.106903e+000 
1.230857e+000 
9.491382e-001 
7.182500e-001 
5.106199e-001 
8.452290e-001 
1.029546e+000 
1.009367e+000 
1.107430e+000 
1.034145e+000 
1.013857e+000 
8.176065e-001 
8.187388e-001 
9.229983e-001 
1.341604e+000 
1.249137e+000 
9.163517e-001 
4.119966e-001 
4.083721e-001 
8.414754e-001 
9.487693e-001 
8.689919e-001 
9.401293e-001 
1.079708e+000 
1.097733e+000 
9.383082e-001 
5.951227e-001 
6.405679e-001 
9.385420e-001 
1.134724e+000 
1.138632e+000 
1.173948e+000 
5.503437e-001 
6.375019e-001 
1.096678e+000 
1.183801e+000 
1.116268e+000 
9.197883e-001 
6.745609e-001 
9.611165e-001 
1.129772e+000 
1.160951e+000 
8.900822e-001 
5.340670e-001 
5.984223e-001 
9.257325e-001 
1.121867e+000 
9.548459e-001 
8.543888e-001 
6.782508e-001 
6.647012e-001 
8.343526e-001 
1.134591e+000 
1.255136e+000 
1.243343e+000 
8.889605e-001 
6.567345e-001 
4.691270e-001 
4.819915e-001 
8.584522e-001 
1.049285e+000 
1.096219e+000 
1.005398e+000 
1.046834e+000 
8.941767e-001 
8.350865e-001 
8.664378e-001 
8.909570e-001 
1.074047e+000 
1.339278e+000 
1.329138e+000 
1.017462e+000 
6.733791e-001 
3.830568e-001 
7.102422e-001 
9.474889e-001 
8.783493e-001 
9.089288e-001 
1.114046e+000 
1.184914e+000 
1.228469e+000 
1.184862e+000 
7.203841e-001 
5.608934e-001 
6.054265e-001 
9.074695e-001 
1.170768e+000 
1.137678e+000 
9.555438e-001 
8.212684e-001 
6.474173e-001 
6.860461e-001 
9.137498e-001 
1.274082e+000 
1.172799e+000 
8.655256e-001 
6.915794e-001 
4.968520e-001 
5.890119e-001 
9.054229e-001 
1.078586e+000 
1.159608e+000 
9.756249e-001 
6.899571e-001 
6.717073e-001 
8.866030e-001 
1.227493e+000 
9.881137e-001 
6.942035e-001 
4.658554e-001 
4.571403e-001 
7.763985e-001 
9.829851e-001 
9.633993e-001 
1.133455e+000 
1.044871e+000 
8.282902e-001 
5.828671e-001 
7.519185e-001 
1.127644e+000 
1.220437e+000 
1.055110e+000 
8.586390e-001 
5.750057e-001 
1.017030e+000 
1.121309e+000 
1.108635e+000 
6.576982e-001 
4.552982e-001 
6.057440e-001 
9.474276e-001 
1.055974e+000 
1.146986e+000 
1.106994e+000 
9.779187e-001 
8.917965e-001 
7.655216e-001 
1.282430e+000 
1.170462e+000 
6.297129e-001 
4.693274e-001 
5.598132e-001 
9.004982e-001 
9.952558e-001 
1.087672e+000 
1.108429e+000 
8.835271e-001 
7.199147e-001 
6.788310e-001 
7.556558e-001 
1.023804e+000 
1.163729e+000 
1.258262e+000 
1.277958e+000 
1.054825e+000 
5.224554e-001 
6.356634e-001 
9.206901e-001 
9.283205e-001 
1.169960e+000 
1.215591e+000 
1.170549e+000 
5.267564e-001 
8.621971e-001 
1.052156e+000 
1.121788e+000 
1.136570e+000 
9.849777e-001 
9.102718e-001 
7.225615e-001 
6.908153e-001 
8.782768e-001 
1.107327e+000 
1.225511e+000 
1.315343e+000 
1.255599e+000 
9.269517e-001 
6.569091e-001 
4.597298e-001 
4.135856e-001 
7.708117e-001 
9.368143e-001 
8.974035e-001 
9.741850e-001 
1.154437e+000 
1.126312e+000 
8.182914e-001 
6.320004e-001 
6.191999e-001 
9.304431e-001 
1.006085e+000 
9.661581e-001 
1.128580e+000 
1.099355e+000 
1.093716e+000 
1.074695e+000 
8.133824e-001 
7.400188e-001 
8.436905e-001 
1.058454e+000 
1.287926e+000 
1.292166e+000 
1.036341e+000 
6.970243e-001 
6.777437e-001 
8.965434e-001 
8.969278e-001 
1.109291e+000 
1.208112e+000 
1.287449e+000 
1.253755e+000 
9.535538e-001 
5.080266e-001 
4.452863e-001 
7.673965e-001 
9.753596e-001 
9.587071e-001 
9.714926e-001 
1.121289e+000 
1.071117e+000 
8.595242e-001 
7.437862e-001 
6.795097e-001 
7.744711e-001 
1.057876e+000 
1.177846e+000 
1.305022e+000 
4.463444e-001 
6.722671e-001 
9.665051e-001 
9.833388e-001 
9.531262e-001 
1.093222e+000 
8.999856e-001 
8.526036e-001 
7.648445e-001 
8.098583e-001 
1.012257e+000 
1.187811e+000 
1.340170e+000 
1.111773e+000 
7.592271e-001 
5.276955e-001 
3.922833e-001 
5.950623e-001 
8.860702e-001 
8.922804e-001 
1.264630e+000 
1.019977e+000 
7.608683e-001 
4.781932e-001 
7.176911e-001 
9.972682e-001 
1.017015e+000 
1.180881e+000 
1.067479e+000 
8.834282e-001 
7.090018e-001 
1.065943e+000 
1.189237e+000 
9.926674e-001 
4.764125e-001 
4.212292e-001 
7.374030e-001 
9.567581e-001 
1.118360e+000 
1.081351e+000 
8.533156e-001 
7.092844e-001 
5.654957e-001 
7.285025e-001 
1.138052e+000 
1.097147e+000 
6.696659e-001 
5.335396e-001 
6.779551e-001 
9.825638e-001 
1.067490e+000 
1.080822e+000 
9.429134e-001 
8.238194e-001 
6.597599e-001 
7.084793e-001 
9.478456e-001 
1.148360e+000 
6.430344e-001 
5.766517e-001 
1.085187e+000 
1.009412e+000 
8.576867e-001 
8.157926e-001 
8.926024e-001 
9.453632e-001 
1.267793e+000 
6.104300e-001 
4.312852e-001 
5.513511e-001 
9.153119e-001 
1.038900e+000 
1.057991e+000 
1.094364e+000 
8.837778e-001 
7.734390e-001 
7.308429e-001 
7.633030e-001 
1.017043e+000 
1.199146e+000 
1.240643e+000 
1.314993e+000 
1.087133e+000 
5.727261e-001 
4.219931e-001 
9.130909e-001 
9.682758e-001 
9.286227e-001 
1.074895e+000 
1.143779e+000 
7.768419e-001 
6.417446e-001 
6.549229e-001 
1.130090e+000 
1.173890e+000 
8.977817e-001 
1.085606e+000 
1.197652e+000 
1.148433e+000 
9.628002e-001 
7.928478e-001 
5.978116e-001 
6.055344e-001 
1.205973e+000 
9.071221e-001 
7.138135e-001 
5.659304e-001 
6.476939e-001 
1.105804e+000 
1.136731e+000 
9.262595e-001 
7.887273e-001 
5.959516e-001 
6.300029e-001 
9.102457e-001 
1.105097e+000 
9.420877e-001 
7.364566e-001 
5.756773e-001 
5.955756e-001 
1.048489e+000 
1.069650e+000 
1.203213e+000 
1.033657e+000 
8.646087e-001 
5.953309e-001 
1.044491e+000 
1.116289e+000 
1.174923e+000 
8.403525e-001 
6.254895e-001 
5.289050e-001 
7.573718e-001 
1.081454e+000 
1.108186e+000 
1.202963e+000 
1.066144e+000 
9.042593e-001 
7.678117e-001 
9.971233e-001 
1.255715e+000 
1.103056e+000 
8.166135e-001 
6.207229e-001 
4.764545e-001 
6.530194e-001 
9.338825e-001 
9.990225e-001 
1.079852e+000 
1.020254e+000 
8.447312e-001 
7.280807e-001 
8.445495e-001 
1.085262e+000 
1.281733e+000 
9.791285e-001 
6.751247e-001 
4.523255e-001 
4.231091e-001 
7.602088e-001 
9.194323e-001 
9.439866e-001 
1.241294e+000 
1.147164e+000 
5.808258e-001 
8.960038e-001 
9.882886e-001 
1.075843e+000 
7.529212e-001 
7.487104e-001 
8.683567e-001 
1.038388e+000 
7.023739e-001 
4.324293e-001 
7.575039e-001 
9.503286e-001 
9.759557e-001 
9.792193e-001 
1.134378e+000 
1.076703e+000 
6.651243e-001 
6.077020e-001 
7.292515e-001 
1.060538e+000 
7.040980e-001 
1.022146e+000 
1.036997e+000 
8.907548e-001 
7.255729e-001 
5.604857e-001 
9.817929e-001 
1.135729e+000 
1.277839e+000 
1.115211e+000 
8.396609e-001 
4.987214e-001 
6.008612e-001 
1.144021e+000 
1.030061e+000 
9.682797e-001 
7.481275e-001 
6.664000e-001 
7.343707e-001 
1.232183e+000 
8.893461e-001 
6.162769e-001 
4.445034e-001 
5.148587e-001 
9.675392e-001 
9.066442e-001 
1.018030e+000 
1.171772e+000 
1.197439e+000 
1.026319e+000 
8.296032e-001 
6.538938e-001 
5.610638e-001 
1.144763e+000 
1.219065e+000 
1.044508e+000 
5.418032e-001 
7.521613e-001 
1.004439e+000 
1.059786e+000 
9.441561e-001 
7.638058e-001 
5.596658e-001 
6.426299e-001 
9.235683e-001 
7.935616e-001 
5.930518e-001 
8.496980e-001 
1.066467e+000 
1.114784e+000 
1.170116e+000 
1.176993e+000 
9.653587e-001 
8.042824e-001 
6.015018e-001 
8.922336e-001 
1.254008e+000 
1.204940e+000 
8.968706e-001 
5.279251e-001 
8.844680e-001 
1.029613e+000 
1.093165e+000 
1.082782e+000 
9.494396e-001 
8.084352e-001 
7.825261e-001 
9.171337e-001 
1.034487e+000 
1.213901e+000 
1.302844e+000 
7.620273e-001 
5.054741e-001 
3.829044e-001 
6.722264e-001 
9.475006e-001 
9.247506e-001 
9.030403e-001 
1.098656e+000 
8.127758e-001 
6.211405e-001 
5.963700e-001 
8.794210e-001 
1.107931e+000 
1.255322e+000 
1.214803e+000 
9.198480e-001 
5.478309e-001 
5.525947e-001 
8.545960e-001 
1.015667e+000 
1.099827e+000 
1.046793e+000 
7.699650e-001 
6.957862e-001 
9.789185e-001 
1.169761e+000 
1.224178e+000 
1.139896e+000 
8.106076e-001 
5.665087e-001 
3.979413e-001 
5.787591e-001 
8.911921e-001 
9.523845e-001 
1.060548e+000 
6.218559e-001 
9.016715e-001 
1.149645e+000 
1.234200e+000 
1.153496e+000 
6.135399e-001 
9.354884e-001 
1.034875e+000 
1.088116e+000 
9.838092e-001 
7.447915e-001 
7.789702e-001 
9.172823e-001 
1.235363e+000 
1.279932e+000 
1.193588e+000 
4.398738e-001 
5.137569e-001 
8.945611e-001 
9.315921e-001 
7.013672e-001 
9.153584e-001 
1.284593e+000 
1.188858e+000 
8.654648e-001 
4.417413e-001 
5.306367e-001 
8.704403e-001 
1.158328e+000 
1.042980e+000 
8.428326e-001 
6.779059e-001 
6.775375e-001 
8.194019e-001 
1.220569e+000 
1.258973e+000 
1.005494e+000 
7.533230e-001 
4.517052e-001 
7.284348e-001 
9.960542e-001 
1.055699e+000 
8.329932e-001 
7.828759e-001 
6.745503e-001 
8.410264e-001 
1.140150e+000 
1.288267e+000 
1.340648e+000 
1.295871e+000 
9.489561e-001 
3.915360e-001 
4.205967e-001 
9.329816e-001 
1.157067e+000 
1.247994e+000 
1.126885e+000 
8.274655e-001 
5.907486e-001 
4.410287e-001 
6.095204e-001 
9.239297e-001 
1.009100e+000 
9.769724e-001 
1.127497e+000 
1.046546e+000 
6.910508e-001 
6.636869e-001 
8.051682e-001 
7.515922e-001 
5.067976e-001 
4.102727e-001 
7.089174e-001 
9.787819e-001 
1.123827e+000 
6.010607e-001 
4.420770e-001 
1.012030e+000 
1.036601e+000 
9.229287e-001 
7.380752e-001 
7.536507e-001 
8.346708e-001 
1.297095e+000 
1.006131e+000 
6.976129e-001 
4.569535e-001 
6.938202e-001 
8.826291e-001 
1.167775e+000 
1.223492e+000 
9.273815e-001 
9.128236e-001 
1.068898e+000 
1.071064e+000 
1.116021e+000 
9.579209e-001 
8.241587e-001 
7.404249e-001 
1.132208e+000 
8.120198e-001 
5.937839e-001 
4.097101e-001 
5.486906e-001 
9.618543e-001 
9.223934e-001 
1.151187e+000 
1.158294e+000 
9.335046e-001 
7.136877e-001 
5.906212e-001 
1.170825e+000 
1.186680e+000 
9.869102e-001 
5.720702e-001 
8.796209e-001 
1.223308e+000 
9.506854e-001 
5.178744e-001 
8.279137e-001 
1.049022e+000 
1.163837e+000 
9.847854e-001 
7.617603e-001 
6.556405e-001 
8.824592e-001 
4.893920e-001 
4.517091e-001 
1.028615e+000 
1.136593e+000 
1.152113e+000 
9.990210e-001 
7.528762e-001 
6.620174e-001 
5.800925e-001 
8.544877e-001 
1.069374e+000 
1.157620e+000 
1.208011e+000 
9.520762e-001 
6.914255e-001 
5.195579e-001 
8.451283e-001 
1.015891e+000 
1.053533e+000 
1.096996e+000 
1.106489e+000 
7.635656e-001 
6.401646e-001 
6.689361e-001 
9.211751e-001 
1.146253e+000 
5.439289e-001 
1.033687e+000 
7.574960e-001 
6.899239e-001 
8.183352e-001 
1.038440e+000 
1.167018e+000 
1.295459e+000 
1.115133e+000 
7.895393e-001 
9.392909e-001 
9.531991e-001 
1.166170e+000 
5.561217e-001 
6.537490e-001 
9.818068e-001 
1.105420e+000 
1.116988e+000 
9.170002e-001 
6.212155e-001 
6.823097e-001 
