2000
1.149028e+000
1.170424e+000
1.184301e+000
1.183320e+000
1.172222e+000
1.161909e+000
1.131073e+000
1.108556e+000
1.091531e+000
1.097387e+000
1.097034e+000
1.118937e+000
1.121962e+000
1.107565e+000
1.084585e+000
1.035940e+000
9.781738e-001
9.329448e-001
8.823627e-001
8.160576e-001
7.741249e-001
7.327777e-001
7.062432e-001
6.845986e-001
6.711750e-001
6.761411e-001
6.793531e-001
6.887830e-001
6.744376e-001
6.597145e-001
6.529823e-001
6.392791e-001
6.592894e-001
6.858641e-001
7.537161e-001
8.228024e-001
8.792966e-001
9.408158e-001
9.981475e-001
1.040050e+000
1.080059e+000
1.113479e+000
1.133267e+000
1.161756e+000
1.185535e+000
1.197922e+000
1.224533e+000
1.228274e+000
1.237833e+000
1.240389e+000
1.241942e+000
1.274326e+000
1.303112e+000
1.324020e+000
1.308927e+000
1.274359e+000
1.249224e+000
1.189957e+000
1.127505e+000
1.072999e+000
1.001789e+000
9.256587e-001
8.598268e-001
8.136731e-001
7.531026e-001
7.166829e-001
6.718581e-001
6.326681e-001
5.731144e-001
5.351830e-001
4.961264e-001
4.596057e-001
4.281495e-001
4.281168e-001
4.127215e-001
4.296891e-001
4.535758e-001
5.059547e-001
5.814502e-001
6.530432e-001
7.221181e-001
7.801332e-001
8.355004e-001
8.794088e-001
9.237734e-001
9.454736e-001
9.413990e-001
9.454915e-001
9.417009e-001
9.392584e-001
9.338342e-001
9.274390e-001
9.158535e-001
9.047622e-001
9.107259e-001
9.300952e-001
9.565554e-001
1.005223e+000
1.053230e+000
1.087060e+000
1.121007e+000
1.149535e+000
1.152979e+000
1.161693e+000
1.165015e+000
1.163316e+000
1.152352e+000
1.190225e+000
1.194030e+000
1.197133e+000
1.201012e+000
1.212606e+000
1.203280e+000
1.203774e+000
1.180822e+000
1.155441e+000
1.098943e+000
1.054377e+000
1.001825e+000
9.207765e-001
8.591888e-001
8.121451e-001
7.708104e-001
7.318914e-001
6.935856e-001
6.458244e-001
6.261115e-001
5.986425e-001
5.698925e-001
5.431058e-001
5.287985e-001
5.152842e-001
5.174643e-001
5.302858e-001
5.494984e-001
5.959471e-001
6.676988e-001
7.501928e-001
8.140890e-001
8.769053e-001
9.128594e-001
9.675722e-001
1.006423e+000
1.034632e+000
1.030862e+000
1.040081e+000
1.038943e+000
1.025740e+000
1.025867e+000
1.012342e+000
1.006584e+000
1.026223e+000
1.041412e+000
1.068943e+000
1.110100e+000
1.133709e+000
1.168187e+000
1.182527e+000
1.186183e+000
1.159453e+000
1.127883e+000
1.104408e+000
1.085656e+000
1.068144e+000
1.068270e+000
1.059201e+000
1.045280e+000
1.042095e+000
1.049420e+000
1.053695e+000
1.013801e+000
9.704037e-001
9.224170e-001
8.702775e-001
8.159499e-001
7.752363e-001
7.268628e-001
7.026981e-001
6.921440e-001
6.882441e-001
6.883220e-001
6.825720e-001
6.906622e-001
7.146503e-001
7.346609e-001
7.422219e-001
7.557658e-001
7.637775e-001
7.842014e-001
8.268719e-001
8.819346e-001
9.395747e-001
9.981023e-001
1.049855e+000
1.081953e+000
1.099529e+000
1.124592e+000
1.148010e+000
1.163326e+000
1.181279e+000
1.198386e+000
1.222526e+000
1.232589e+000
1.262643e+000
1.288642e+000
1.298730e+000
1.285996e+000
1.301553e+000
1.279908e+000
1.250056e+000
1.197801e+000
1.136431e+000
1.082468e+000
1.029013e+000
9.716282e-001
9.195896e-001
8.828212e-001
8.247225e-001
7.674996e-001
7.283143e-001
6.554657e-001
6.100745e-001
5.573884e-001
5.169977e-001
4.854457e-001
4.400198e-001
4.197864e-001
4.237703e-001
4.415396e-001
4.390541e-001
5.125943e-001
5.695086e-001
6.543115e-001
7.192795e-001
7.911732e-001
8.677187e-001
9.262436e-001
9.685813e-001
9.777326e-001
1.008029e+000
1.023170e+000
1.005203e+000
9.906413e-001
9.792630e-001
9.727104e-001
9.609254e-001
9.610163e-001
9.698080e-001
9.699547e-001
9.970384e-001
1.054739e+000
1.083880e+000
1.112459e+000
1.124141e+000
1.130467e+000
1.126009e+000
1.101605e+000
1.096220e+000
1.088473e+000
1.061207e+000
1.062780e+000
1.053654e+000
1.055824e+000
1.061172e+000
1.067343e+000
1.067367e+000
1.060043e+000
1.028334e+000
9.939647e-001
9.380886e-001
9.134374e-001
8.744923e-001
8.404561e-001
8.214681e-001
8.049702e-001
7.903505e-001
8.001053e-001
7.863734e-001
8.004377e-001
8.124302e-001
7.999508e-001
7.976388e-001
7.916491e-001
8.086669e-001
8.152809e-001
8.388258e-001
8.867079e-001
9.342349e-001
9.642582e-001
1.019762e+000
1.073610e+000
1.118022e+000
1.145592e+000
1.194511e+000
1.240277e+000
1.272622e+000
1.268754e+000
1.282835e+000
1.286724e+000
1.302448e+000
1.321452e+000
1.328467e+000
1.339267e+000
1.345083e+000
1.330863e+000
1.329385e+000
1.291459e+000
1.235305e+000
1.169933e+000
1.093860e+000
1.011529e+000
9.528511e-001
8.758034e-001
8.072530e-001
7.714238e-001
7.065594e-001
6.520834e-001
6.087926e-001
5.820917e-001
5.263465e-001
4.780319e-001
4.306600e-001
3.869434e-001
3.577370e-001
3.438219e-001
3.481748e-001
3.825317e-001
4.324392e-001
4.880805e-001
5.611217e-001
6.524903e-001
7.288859e-001
7.859284e-001
8.506749e-001
8.925141e-001
9.249252e-001
9.404118e-001
9.308499e-001
9.262525e-001
8.917082e-001
8.763490e-001
8.526492e-001
8.335368e-001
8.307971e-001
8.502253e-001
8.741181e-001
9.027487e-001
9.498942e-001
1.013799e+000
1.070291e+000
1.104235e+000
1.114580e+000
1.132082e+000
1.147841e+000
1.165250e+000
1.182896e+000
1.189881e+000
1.223677e+000
1.243453e+000
1.258533e+000
1.284282e+000
1.308452e+000
1.301991e+000
1.290844e+000
1.269869e+000
1.230862e+000
1.192040e+000
1.128574e+000
1.054827e+000
1.012363e+000
9.712256e-001
8.987547e-001
8.428110e-001
7.963268e-001
7.370107e-001
6.952102e-001
6.386863e-001
6.100330e-001
5.621438e-001
5.325809e-001
5.039014e-001
4.736666e-001
4.498727e-001
4.356585e-001
4.581520e-001
5.015890e-001
5.531738e-001
6.030924e-001
6.711359e-001
7.412793e-001
8.140133e-001
8.678817e-001
9.209877e-001
9.590084e-001
9.777918e-001
1.012240e+000
9.982406e-001
9.858417e-001
1.006256e+000
1.011613e+000
1.003282e+000
9.819215e-001
9.878372e-001
9.911830e-001
1.023476e+000
1.039926e+000
1.065013e+000
1.111799e+000
1.142293e+000
1.158113e+000
1.147695e+000
1.167555e+000
1.138241e+000
1.131565e+000
1.137606e+000
1.118731e+000
1.091063e+000
1.070261e+000
1.056962e+000
1.060341e+000
1.055116e+000
1.036371e+000
1.007759e+000
9.778893e-001
9.268599e-001
8.937280e-001
8.431532e-001
8.212354e-001
7.813258e-001
7.546769e-001
7.325201e-001
7.041004e-001
6.895197e-001
6.795702e-001
6.713233e-001
6.792760e-001
6.731587e-001
6.812258e-001
7.172825e-001
7.283700e-001
7.768623e-001
8.356065e-001
8.780984e-001
9.317337e-001
9.666214e-001
1.006273e+000
1.045808e+000
1.072508e+000
1.094804e+000
1.106402e+000
1.110602e+000
1.132625e+000
1.137403e+000
1.160497e+000
1.167446e+000
1.190741e+000
1.201230e+000
1.202544e+000
1.218409e+000
1.240340e+000
1.237188e+000
1.229683e+000
1.196599e+000
1.154292e+000
1.113199e+000
1.056105e+000
1.026259e+000
9.873795e-001
9.568912e-001
8.929645e-001
8.488786e-001
8.069725e-001
7.714486e-001
7.340387e-001
6.912396e-001
6.393879e-001
6.023718e-001
5.791071e-001
5.513947e-001
5.416582e-001
5.271183e-001
5.317398e-001
5.561041e-001
5.957634e-001
6.563431e-001
7.119160e-001
7.854755e-001
8.521065e-001
9.216420e-001
9.728390e-001
1.019341e+000
1.058873e+000
1.089459e+000
1.097705e+000
1.120418e+000
1.118139e+000
1.101692e+000
1.102297e+000
1.108840e+000
1.094655e+000
1.099546e+000
1.108613e+000
1.148233e+000
1.173997e+000
1.203256e+000
1.209807e+000
1.191463e+000
1.175289e+000
1.132015e+000
1.084341e+000
1.033668e+000
9.727578e-001
9.234386e-001
8.748563e-001
8.487663e-001
8.264553e-001
8.198001e-001
8.011512e-001
7.766023e-001
7.649273e-001
7.357966e-001
6.924449e-001
6.274070e-001
6.022633e-001
5.755242e-001
5.608355e-001
5.755885e-001
5.894569e-001
6.562163e-001
7.015709e-001
7.544263e-001
8.203079e-001
8.839091e-001
9.482867e-001
1.011154e+000
1.064970e+000
1.092306e+000
1.130492e+000
1.163166e+000
1.169196e+000
1.159532e+000
1.161100e+000
1.165441e+000
1.159741e+000
1.179071e+000
1.183465e+000
1.213612e+000
1.245308e+000
1.252059e+000
1.279037e+000
1.286498e+000
1.265842e+000
1.213614e+000
1.157617e+000
1.077313e+000
1.012313e+000
9.458430e-001
8.933610e-001
8.474478e-001
8.131998e-001
7.743796e-001
7.482042e-001
7.039048e-001
6.523666e-001
6.149976e-001
5.735504e-001
5.405128e-001
4.832174e-001
4.448817e-001
4.412091e-001
4.607623e-001
4.684955e-001
5.009692e-001
5.741377e-001
6.519010e-001
7.309169e-001
8.056347e-001
8.820023e-001
9.494079e-001
1.000745e+000
1.029989e+000
1.055220e+000
1.085671e+000
1.090898e+000
1.082255e+000
1.066517e+000
1.041303e+000
1.022200e+000
1.010249e+000
1.005772e+000
1.014003e+000
1.051748e+000
1.102084e+000
1.132085e+000
1.155435e+000
1.163846e+000
1.146018e+000
1.113388e+000
1.074392e+000
1.032127e+000
1.004120e+000
9.585694e-001
9.401493e-001
9.151461e-001
9.128894e-001
9.206810e-001
9.396654e-001
9.528455e-001
9.124843e-001
8.699639e-001
8.451813e-001
8.015444e-001
7.700263e-001
7.474923e-001
7.214322e-001
7.135690e-001
7.355973e-001
7.730287e-001
7.975196e-001
8.405731e-001
8.887993e-001
9.527311e-001
9.806540e-001
1.012363e+000
1.040601e+000
1.065529e+000
1.093773e+000
1.118000e+000
1.141304e+000
1.168400e+000
1.188684e+000
1.214211e+000
1.212253e+000
1.247224e+000
1.260895e+000
1.297016e+000
1.317701e+000
1.312189e+000
1.283762e+000
1.256816e+000
1.226020e+000
1.187886e+000
1.131721e+000
1.072846e+000
1.016729e+000
9.531870e-001
8.995735e-001
8.557957e-001
7.950305e-001
7.445027e-001
6.984605e-001
6.388091e-001
5.940441e-001
5.446029e-001
4.964469e-001
4.784490e-001
4.560276e-001
4.351556e-001
4.493011e-001
4.454481e-001
4.663403e-001
5.168922e-001
5.696717e-001
6.280276e-001
7.131165e-001
7.871792e-001
8.491547e-001
9.007698e-001
9.369809e-001
9.622098e-001
9.742424e-001
9.750599e-001
9.688159e-001
9.645530e-001
9.282715e-001
9.123628e-001
9.086684e-001
9.125256e-001
9.363166e-001
9.442217e-001
9.778113e-001
1.021974e+000
1.066052e+000
1.083559e+000
1.097609e+000
1.107017e+000
1.115848e+000
1.112753e+000
1.116163e+000
1.120985e+000
1.125725e+000
1.138749e+000
1.157879e+000
1.149010e+000
1.171080e+000
1.188455e+000
1.191835e+000
1.178150e+000
1.147787e+000
1.103416e+000
1.052205e+000
1.017217e+000
9.610198e-001
9.205782e-001
8.655438e-001
8.330452e-001
8.301501e-001
7.994830e-001
7.578178e-001
7.197071e-001
6.930505e-001
6.620395e-001
6.234454e-001
5.890112e-001
5.612911e-001
5.544703e-001
5.749718e-001
5.710923e-001
6.085191e-001
6.409243e-001
7.038520e-001
7.698594e-001
8.431649e-001
8.966747e-001
9.507959e-001
9.821011e-001
1.013823e+000
1.048385e+000
1.069373e+000
1.101218e+000
1.126119e+000
1.134822e+000
1.133286e+000
1.132087e+000
1.121821e+000
1.127658e+000
1.135642e+000
1.163331e+000
1.175111e+000
1.200604e+000
1.232797e+000
1.214202e+000
1.172705e+000
1.148962e+000
1.117272e+000
1.071873e+000
1.011414e+000
9.712209e-001
9.199245e-001
8.687775e-001
8.539943e-001
8.298305e-001
7.915636e-001
7.602049e-001
7.406256e-001
7.220275e-001
6.871124e-001
6.571940e-001
6.111251e-001
5.875161e-001
5.818044e-001
5.639009e-001
5.793264e-001
6.231086e-001
6.591250e-001
7.223917e-001
7.983932e-001
8.557885e-001
9.033572e-001
9.700824e-001
1.027913e+000
1.078036e+000
1.107865e+000
1.128379e+000
1.148284e+000
1.149984e+000
1.146852e+000
1.140874e+000
1.130024e+000
1.125015e+000
1.130082e+000
1.138337e+000
1.175029e+000
1.194104e+000
1.201706e+000
1.209488e+000
1.205977e+000
1.174432e+000
1.141648e+000
1.089739e+000
1.020189e+000
9.468346e-001
8.929081e-001
8.552016e-001
8.165382e-001
7.817871e-001
7.608526e-001
7.250899e-001
6.847258e-001
6.375005e-001
6.150573e-001
5.910394e-001
5.626758e-001
5.301420e-001
5.335258e-001
5.380074e-001
5.539842e-001
5.764424e-001
6.396820e-001
7.000408e-001
7.754197e-001
8.396380e-001
8.954618e-001
9.476073e-001
1.001235e+000
1.037365e+000
1.035930e+000
1.069156e+000
1.074861e+000
1.085545e+000
1.081957e+000
1.084660e+000
1.094901e+000
1.120528e+000
1.123924e+000
1.146897e+000
1.173854e+000
1.203743e+000
1.223415e+000
1.232572e+000
1.225756e+000
1.214345e+000
1.172531e+000
1.140941e+000
1.099933e+000
1.067945e+000
1.042262e+000
1.003746e+000
9.600116e-001
9.289690e-001
8.833687e-001
8.498519e-001
8.096341e-001
7.732526e-001
7.307378e-001
6.882678e-001
6.471656e-001
5.909824e-001
5.614561e-001
5.368477e-001
5.459633e-001
5.440792e-001
5.613445e-001
5.753443e-001
6.214687e-001
6.733738e-001
7.391717e-001
8.052682e-001
8.570015e-001
9.150485e-001
9.695234e-001
1.016729e+000
1.037470e+000
1.055293e+000
1.067836e+000
1.074294e+000
1.055900e+000
1.056824e+000
1.075915e+000
1.079450e+000
1.084405e+000
1.112484e+000
1.131285e+000
1.160064e+000
1.178794e+000
1.196069e+000
1.211176e+000
1.197167e+000
1.169281e+000
1.126414e+000
1.065656e+000
1.042968e+000
1.005126e+000
9.992163e-001
9.756566e-001
9.615558e-001
9.060385e-001
8.776992e-001
8.388448e-001
8.080145e-001
7.807705e-001
7.418831e-001
7.098642e-001
6.699533e-001
6.474243e-001
6.245717e-001
6.166846e-001
6.418741e-001
6.648970e-001
7.186024e-001
7.540594e-001
7.831723e-001
8.187832e-001
8.702718e-001
9.226319e-001
9.812934e-001
1.016126e+000
1.068422e+000
1.100417e+000
1.116206e+000
1.143294e+000
1.162161e+000
1.185424e+000
1.185139e+000
1.192335e+000
1.213414e+000
1.214803e+000
1.246067e+000
1.261370e+000
1.276968e+000
1.291469e+000
1.274908e+000
1.264483e+000
1.221559e+000
1.171176e+000
1.112315e+000
1.055633e+000
1.003712e+000
9.464129e-001
8.825454e-001
8.161789e-001
7.518877e-001
7.063620e-001
6.543078e-001
6.037639e-001
5.842689e-001
5.487721e-001
5.213626e-001
5.001430e-001
4.745030e-001
4.638216e-001
4.574004e-001
4.696027e-001
5.062858e-001
5.532115e-001
5.971473e-001
6.826694e-001
7.539831e-001
8.250329e-001
8.809154e-001
9.209323e-001
9.652053e-001
9.752011e-001
9.922081e-001
9.923854e-001
9.815608e-001
9.689827e-001
9.732809e-001
9.625507e-001
9.619949e-001
9.689402e-001
9.770784e-001
1.004167e+000
1.056224e+000
1.067394e+000
1.109957e+000
1.137587e+000
1.143983e+000
1.127031e+000
1.107977e+000
1.110846e+000
1.092925e+000
1.093388e+000
1.099009e+000
1.098669e+000
1.116783e+000
1.125796e+000
1.124554e+000
1.099512e+000
1.092194e+000
1.056897e+000
1.029148e+000
9.785477e-001
9.315477e-001
8.770010e-001
8.479171e-001
8.210323e-001
8.006089e-001
7.895750e-001
7.597022e-001
7.563671e-001
7.469874e-001
7.307128e-001
7.311369e-001
7.078130e-001
6.857425e-001
6.843768e-001
7.076844e-001
7.037051e-001
7.457406e-001
7.864085e-001
8.450437e-001
9.116820e-001
9.500791e-001
1.007913e+000
1.054611e+000
1.073275e+000
1.106659e+000
1.150970e+000
1.182108e+000
1.211469e+000
1.225252e+000
1.233547e+000
1.231609e+000
1.248025e+000
1.245164e+000
1.262276e+000
1.270132e+000
1.273617e+000
1.268799e+000
1.257192e+000
1.214052e+000
1.171886e+000
1.115209e+000
1.074380e+000
1.012790e+000
9.315890e-001
8.511921e-001
7.844385e-001
7.333606e-001
6.799792e-001
6.252994e-001
5.937612e-001
5.441112e-001
4.996600e-001
4.573521e-001
4.302435e-001
4.108542e-001
4.100742e-001
3.961398e-001
4.125446e-001
4.610063e-001
5.053188e-001
5.801953e-001
6.633275e-001
7.566305e-001
8.152840e-001
8.816607e-001
9.260254e-001
9.424671e-001
9.707761e-001
9.722322e-001
9.702494e-001
9.651574e-001
9.706342e-001
9.521380e-001
9.396895e-001
9.348523e-001
9.558670e-001
9.702796e-001
9.948824e-001
1.036386e+000
1.085437e+000
1.122925e+000
1.158554e+000
1.169720e+000
1.171917e+000
1.167456e+000
1.158347e+000
1.151140e+000
1.151144e+000
1.146980e+000
1.159347e+000
1.157389e+000
1.174649e+000
1.159796e+000
1.147385e+000
1.157860e+000
1.120350e+000
1.070702e+000
1.013904e+000
9.597128e-001
9.147181e-001
8.649512e-001
8.201280e-001
7.818516e-001
7.540811e-001
7.255965e-001
6.957995e-001
6.599943e-001
6.314384e-001
6.065632e-001
5.869623e-001
5.734877e-001
5.765898e-001
5.684221e-001
5.903655e-001
6.195680e-001
6.720590e-001
7.338835e-001
8.120456e-001
8.693714e-001
9.171594e-001
9.727290e-001
1.014402e+000
1.048488e+000
1.051310e+000
1.089173e+000
1.107282e+000
1.115272e+000
1.120639e+000
1.126961e+000
1.123760e+000
1.143872e+000
1.155655e+000
1.172809e+000
1.198706e+000
1.221814e+000
1.228126e+000
1.246865e+000
1.224050e+000
1.180259e+000
1.144025e+000
1.115566e+000
1.064248e+000
1.013350e+000
9.704049e-001
9.313766e-001
8.818990e-001
8.444807e-001
8.153668e-001
7.817038e-001
7.523432e-001
6.974286e-001
6.648341e-001
6.267723e-001
5.879569e-001
5.609133e-001
5.340119e-001
5.186150e-001
5.253770e-001
5.435973e-001
5.803062e-001
6.410394e-001
7.068045e-001
7.811208e-001
8.334371e-001
8.910487e-001
9.334179e-001
9.840352e-001
1.020243e+000
1.060398e+000
1.079167e+000
1.084495e+000
1.072665e+000
1.063494e+000
1.063259e+000
1.065654e+000
1.059490e+000
1.064060e+000
1.079895e+000
1.101198e+000
1.124908e+000
1.154958e+000
1.168255e+000
1.171597e+000
1.167124e+000
1.127874e+000
1.087892e+000
1.048762e+000
1.019652e+000
9.906272e-001
9.725297e-001
9.575326e-001
9.281018e-001
9.084555e-001
8.912611e-001
8.605302e-001
8.535874e-001
8.216189e-001
7.788616e-001
7.266277e-001
6.848859e-001
6.716919e-001
6.644631e-001
6.613557e-001
6.859104e-001
7.222893e-001
7.585668e-001
7.891775e-001
8.047978e-001
8.367968e-001
9.029427e-001
9.450376e-001
1.006890e+000
1.053640e+000
1.084296e+000
1.116996e+000
1.144993e+000
1.162275e+000
1.194981e+000
1.209570e+000
1.223058e+000
1.237790e+000
1.265555e+000
1.273026e+000
1.296379e+000
1.305561e+000
1.329324e+000
1.331921e+000
1.314818e+000
1.295046e+000
1.244933e+000
1.174141e+000
1.124640e+000
1.048351e+000
9.792869e-001
9.232710e-001
8.768946e-001
8.269411e-001
7.765483e-001
7.304213e-001
6.688539e-001
6.210451e-001
5.737089e-001
5.360648e-001
5.206227e-001
4.758116e-001
4.488458e-001
4.363444e-001
4.508386e-001
4.647638e-001
5.067163e-001
5.632061e-001
6.323897e-001
7.083675e-001
7.787626e-001
8.707713e-001
9.163160e-001
9.542568e-001
9.776527e-001
9.926731e-001
9.928767e-001
9.886439e-001
9.839289e-001
9.722542e-001
9.435923e-001
9.412531e-001
9.295569e-001
9.611354e-001
9.802541e-001
9.885764e-001
1.048518e+000
1.096372e+000
1.107401e+000
1.113475e+000
1.116047e+000
1.098657e+000
1.076420e+000
1.063537e+000
1.062412e+000
1.063395e+000
1.066780e+000
1.080247e+000
1.098001e+000
1.114252e+000
1.111680e+000
1.087028e+000
1.092050e+000
1.033240e+000
9.894724e-001
9.458487e-001
9.052108e-001
8.924771e-001
8.748763e-001
8.487367e-001
8.485399e-001
8.644463e-001
8.586426e-001
8.368059e-001
8.156323e-001
7.986502e-001
7.654440e-001
7.512485e-001
7.485297e-001
7.298281e-001
7.436998e-001
7.791776e-001
8.281412e-001
8.941306e-001
9.336455e-001
9.559873e-001
1.016689e+000
1.049920e+000
1.084873e+000
1.132524e+000
1.170591e+000
1.192974e+000
1.210526e+000
1.230747e+000
1.246643e+000
1.277189e+000
1.267595e+000
1.290002e+000
1.291229e+000
1.289458e+000
1.293621e+000
1.297590e+000
1.276866e+000
1.249013e+000
1.193955e+000
1.146895e+000
1.077619e+000
1.007920e+000
9.450130e-001
8.792585e-001
7.976061e-001
7.356584e-001
6.845235e-001
6.523827e-001
5.946275e-001
5.339900e-001
5.114779e-001
4.726802e-001
4.348237e-001
4.067885e-001
3.947219e-001
3.941698e-001
3.927062e-001
4.416273e-001
4.923191e-001
5.528717e-001
6.181819e-001
7.295900e-001
7.690069e-001
8.201309e-001
8.621119e-001
9.078736e-001
9.316228e-001
9.350154e-001
9.307821e-001
9.030812e-001
8.938946e-001
8.966839e-001
8.867115e-001
8.638550e-001
8.713972e-001
8.844028e-001
9.067027e-001
9.397315e-001
9.703734e-001
1.019972e+000
1.051809e+000
1.081241e+000
1.109469e+000
1.125251e+000
1.137111e+000
1.162509e+000
1.176631e+000
1.194862e+000
1.206292e+000
1.221789e+000
1.225535e+000
1.263130e+000
1.269559e+000
1.282017e+000
1.274609e+000
1.263499e+000
1.224757e+000
1.178257e+000
1.114582e+000
1.050591e+000
1.005920e+000
9.428640e-001
8.902629e-001
8.384882e-001
7.742168e-001
7.269058e-001
6.889449e-001
6.494834e-001
6.114194e-001
5.821101e-001
5.456476e-001
5.245739e-001
5.095552e-001
4.997331e-001
4.942670e-001
4.967681e-001
5.296782e-001
5.636663e-001
6.221001e-001
6.874806e-001
7.463948e-001
8.225751e-001
9.048572e-001
9.429826e-001
9.517499e-001
9.763313e-001
1.000946e+000
1.012699e+000
1.028963e+000
9.958773e-001
9.922529e-001
9.679117e-001
9.695761e-001
9.967592e-001
1.010402e+000
1.021563e+000
1.038631e+000
1.072464e+000
1.126973e+000
1.147151e+000
1.167187e+000
1.172906e+000
1.165803e+000
1.134024e+000
1.108679e+000
1.083720e+000
1.053279e+000
1.058989e+000
1.048517e+000
1.060476e+000
1.068148e+000
1.075609e+000
1.064992e+000
1.045325e+000
1.001931e+000
9.668774e-001
9.254146e-001
8.788178e-001
8.272200e-001
7.881715e-001
7.878124e-001
7.607743e-001
7.515812e-001
7.564520e-001
7.433735e-001
7.491551e-001
7.499802e-001
7.499726e-001
7.501229e-001
7.506341e-001
7.528858e-001
7.840797e-001
8.161866e-001
8.828060e-001
9.215100e-001
9.830073e-001
1.013769e+000
1.057165e+000
1.111225e+000
1.137667e+000
1.152875e+000
1.186206e+000
1.231350e+000
1.224831e+000
1.234542e+000
1.257509e+000
1.286072e+000
1.311196e+000
1.313035e+000
1.325735e+000
1.337729e+000
1.342175e+000
1.305174e+000
1.262945e+000
1.215542e+000
1.149091e+000
1.088857e+000
1.009311e+000
9.467477e-001
8.787678e-001
8.039337e-001
7.457871e-001
7.040507e-001
6.525292e-001
6.029882e-001
5.635529e-001
5.154512e-001
4.696876e-001
4.335074e-001
4.106662e-001
3.808362e-001
3.708872e-001
3.790643e-001
4.075209e-001
4.552757e-001
5.203793e-001
6.050966e-001
6.848898e-001
7.795445e-001
8.408994e-001
9.025116e-001
9.235688e-001
9.623976e-001
9.597554e-001
9.614121e-001
9.471736e-001
9.273226e-001
9.176934e-001
8.729252e-001
8.726626e-001
8.606414e-001
8.663278e-001
8.776222e-001
9.229669e-001
9.524234e-001
9.914798e-001
1.022751e+000
1.049279e+000
1.062546e+000
1.077172e+000
1.084807e+000
1.091820e+000
1.081049e+000
1.081942e+000
1.118635e+000
1.158646e+000
1.195410e+000
1.231645e+000
1.234389e+000
1.267582e+000
1.259384e+000
1.262630e+000
1.239160e+000
1.204952e+000
1.163200e+000
1.112037e+000
1.059511e+000
1.012314e+000
9.830462e-001
9.487156e-001
9.281065e-001
8.894104e-001
8.462117e-001
7.942692e-001
7.399485e-001
6.962967e-001
6.284297e-001
5.772791e-001
5.512173e-001
5.121670e-001
4.997693e-001
5.121333e-001
5.444665e-001
5.669386e-001
6.043353e-001
6.691123e-001
7.191777e-001
7.742863e-001
8.378053e-001
8.950328e-001
9.525188e-001
1.004053e+000
1.059744e+000
1.070780e+000
1.072322e+000
1.086196e+000
1.076936e+000
1.070243e+000
1.066774e+000
1.074912e+000
1.084651e+000
1.092442e+000
1.112215e+000
1.136110e+000
1.184892e+000
1.202922e+000
1.220445e+000
1.237743e+000
1.214042e+000
1.167802e+000
1.112771e+000
1.056579e+000
1.021810e+000
1.002345e+000
9.738881e-001
9.584945e-001
9.455067e-001
9.137381e-001
8.807262e-001
8.546536e-001
8.203738e-001
7.800048e-001
7.304746e-001
6.886552e-001
6.318908e-001
6.115394e-001
5.880249e-001
5.883131e-001
6.065988e-001
6.483644e-001
6.852490e-001
7.060395e-001
7.344897e-001
7.806463e-001
8.387255e-001
9.070768e-001
9.509978e-001
9.990500e-001
1.038022e+000
1.076528e+000
1.105832e+000
1.119689e+000
1.123102e+000
1.144793e+000
1.131886e+000
1.127463e+000
1.131816e+000
1.153790e+000
1.180913e+000
1.176400e+000
1.199808e+000
1.213615e+000
1.216162e+000
1.197023e+000
1.161047e+000
1.123588e+000
1.084852e+000
1.022260e+000
9.635304e-001
9.346805e-001
8.819769e-001
8.370464e-001
8.072793e-001
7.948811e-001
7.657827e-001
7.422425e-001
7.011363e-001
6.674622e-001
6.329458e-001
6.119333e-001
5.922385e-001
5.805472e-001
5.672631e-001
5.861810e-001
6.025878e-001
6.490050e-001
7.043651e-001
7.563666e-001
8.403068e-001
8.969565e-001
9.505524e-001
9.854146e-001
1.022802e+000
1.048571e+000
1.093882e+000
1.111426e+000
1.118928e+000
1.130384e+000
1.119168e+000
1.116273e+000
1.134878e+000
1.140427e+000
1.157243e+000
1.172444e+000
1.197802e+000
1.224229e+000
1.236200e+000
1.230336e+000
1.186564e+000
1.168525e+000
1.127617e+000
1.088764e+000
1.041574e+000
9.788930e-001
9.378882e-001
9.088876e-001
8.760106e-001
8.356365e-001
8.178457e-001
7.955277e-001
7.275789e-001
6.941172e-001
6.386545e-001
5.930155e-001
5.603071e-001
5.279814e-001
5.240639e-001
5.093608e-001
5.249283e-001
5.508485e-001
6.053027e-001
6.758719e-001
7.321672e-001
8.052770e-001
8.814871e-001
9.492125e-001
1.012260e+000
1.038410e+000
1.074338e+000
1.094892e+000
1.114800e+000
1.101476e+000
1.098021e+000
1.103095e+000
1.102315e+000
1.103222e+000
1.101616e+000
1.113504e+000
1.133902e+000
1.158380e+000
1.204046e+000
1.238016e+000
1.241376e+000
1.226301e+000
1.184946e+000
1.142030e+000
1.073214e+000
1.031829e+000
9.938431e-001
9.572037e-001
9.123200e-001
8.721308e-001
8.364232e-001
8.101029e-001
7.812889e-001
7.531701e-001
7.181448e-001
6.796994e-001
6.317646e-001
6.104368e-001
5.677281e-001
5.364549e-001
5.336207e-001
5.636612e-001
5.959295e-001
6.442534e-001
6.960262e-001
7.723409e-001
8.356118e-001
8.966565e-001
9.512412e-001
1.013332e+000
1.058247e+000
1.088373e+000
1.109488e+000
1.133095e+000
1.124673e+000
1.117418e+000
1.123642e+000
1.106039e+000
1.127068e+000
1.135265e+000
1.144591e+000
1.177220e+000
1.191687e+000
1.220479e+000
1.236800e+000
1.220530e+000
1.182806e+000
1.154618e+000
1.104001e+000
1.041152e+000
9.836729e-001
9.392222e-001
9.214696e-001
8.761587e-001
8.536408e-001
8.228428e-001
7.950743e-001
7.543315e-001
7.194316e-001
6.961102e-001
6.567248e-001
6.163730e-001
5.716680e-001
5.471954e-001
5.267252e-001
5.390730e-001
5.604275e-001
5.848808e-001
6.565250e-001
6.875098e-001
7.480202e-001
8.364349e-001
8.873621e-001
9.396079e-001
9.861024e-001
1.021212e+000
1.058932e+000
1.075208e+000
1.094336e+000
1.106312e+000
1.117645e+000
1.114899e+000
1.105426e+000
1.128836e+000
1.129745e+000
1.143885e+000
1.165538e+000
1.195188e+000
1.216933e+000
1.209881e+000
1.208973e+000
1.194402e+000
1.154112e+000
1.104227e+000
1.074420e+000
1.029413e+000
9.969052e-001
9.332379e-001
8.887593e-001
8.563329e-001
8.269411e-001
7.884917e-001
7.552123e-001
7.173434e-001
6.657135e-001
6.251528e-001
5.888277e-001
5.591833e-001
5.301688e-001
5.143426e-001
5.244387e-001
5.439733e-001
5.770192e-001
6.302654e-001
6.816839e-001
7.517015e-001
8.268995e-001
8.997478e-001
9.462637e-001
9.905191e-001
1.017458e+000
1.034646e+000
1.062586e+000
1.087505e+000
1.073417e+000
1.060390e+000
1.036278e+000
1.025460e+000
1.028412e+000
1.042720e+000
1.060017e+000
1.083086e+000
1.118533e+000
1.157328e+000
1.174618e+000
1.174566e+000
1.172034e+000
1.145367e+000
1.110447e+000
1.088610e+000
1.060825e+000
1.021668e+000
1.008042e+000
9.792665e-001
9.769082e-001
9.675759e-001
9.560603e-001
9.248927e-001
8.925106e-001
8.569758e-001
8.107075e-001
7.717138e-001
7.171657e-001
6.879470e-001
6.746330e-001
6.684011e-001
6.759861e-001
6.834390e-001
6.960115e-001
7.228912e-001
7.466977e-001
7.891296e-001
8.224852e-001
8.764067e-001
9.274888e-001
9.759886e-001
1.029319e+000
1.081440e+000
1.118454e+000
1.140721e+000
1.174100e+000
1.191690e+000
1.196053e+000
1.198595e+000
1.225857e+000
1.240190e+000
1.263933e+000
1.281103e+000
1.286419e+000
1.299830e+000
1.291289e+000
1.299624e+000
1.273188e+000
1.257363e+000
1.195279e+000
1.131017e+000
1.077053e+000
1.000272e+000
9.304484e-001
8.669287e-001
8.031494e-001
7.512115e-001
7.060163e-001
6.596908e-001
6.139012e-001
5.640704e-001
5.461027e-001
5.162707e-001
4.949780e-001
4.670127e-001
4.587724e-001
4.636232e-001
4.612051e-001
4.760926e-001
5.228675e-001
6.107901e-001
6.909798e-001
7.626335e-001
8.385337e-001
8.944122e-001
9.366666e-001
9.655613e-001
9.825426e-001
9.955343e-001
9.980127e-001
9.843520e-001
9.871391e-001
9.742967e-001
9.885247e-001
9.780588e-001
9.866841e-001
9.946632e-001
1.018202e+000
1.049337e+000
1.089233e+000
1.129501e+000
1.157915e+000
1.147690e+000
1.147677e+000
1.149947e+000
1.131062e+000
1.134968e+000
1.125814e+000
1.118541e+000
1.114022e+000
1.119855e+000
1.105769e+000
1.111875e+000
1.093089e+000
1.088361e+000
1.048737e+000
1.004495e+000
9.391915e-001
8.811931e-001
8.454623e-001
8.078972e-001
7.782959e-001
7.535702e-001
7.201427e-001
6.949203e-001
6.729285e-001
6.542181e-001
6.318500e-001
6.333550e-001
6.318921e-001
6.437218e-001
6.505610e-001
6.669372e-001
6.995664e-001
7.372464e-001
8.026616e-001
8.675646e-001
9.151882e-001
9.627154e-001
1.010729e+000
1.034401e+000
1.058593e+000
1.081347e+000
1.088438e+000
1.095396e+000
1.110048e+000
1.102914e+000
1.133858e+000
1.149087e+000
1.166869e+000
1.194676e+000
1.227932e+000
1.239748e+000
1.255467e+000
1.263184e+000
1.253951e+000
1.225504e+000
1.208547e+000
1.161704e+000
1.123442e+000
1.063431e+000
1.027026e+000
9.796958e-001
9.459582e-001
9.002210e-001
8.452041e-001
8.104842e-001
7.700547e-001
7.131037e-001
6.713892e-001
6.230808e-001
